       0
       0
       0
       0
       0
       0
       0
       0
       0
       0
       0
       0
       0
       0
       0
       0
       0
       0
       0
       0
       0
       0
       0
       0
       0
       0
       0
       0
       0
       0
       0
       0
       0
       0
       0
       0
       0
       0
       0
       0
       0
       0
       0
       0
       0
       1
       0
       2
      17
      76
     109
     422
    1557
     668
     490
     576
     703
     836
     907
    1032
    1094
    1091
    1011
    1037
     931
     977
     961
     916
     920
     833
     866
     887
     850
     834
     851
     866
     838
     843
     867
     833
     797
     822
     864
     821
     825
     783
     824
     806
     747
     821
     748
     736
     783
     780
     804
     720
     744
     805
     756
     801
     732
     746
     747
     767
     805
     787
     767
     722
     712
     729
     697
     727
     757
     721
     763
     735
     722
     707
     732
     769
     729
     762
     720
     688
     666
     720
     695
     724
     749
     700
     717
     761
     685
     726
     746
     685
     698
     727
     691
     733
     753
     685
     782
     746
     774
     755
     749
     814
     773
     754
     750
     849
     798
     847
     797
     773
     773
     879
     808
     852
     827
     904
    1013
    1048
    1366
    1757
    2623
    2957
    2612
    2207
    2661
    3751
    4387
    3523
    2232
    1488
    1239
    1170
     985
     884
     831
     865
     765
     759
     730
     800
     898
     901
     899
     896
     906
     943
    1148
    1526
    2025
    2091
    1645
    1234
    1120
    1158
    1252
    1258
    1110
     884
     776
     695
     757
     725
     668
     723
     697
     740
     753
     699
     642
     643
     671
     689
     693
     646
     651
     652
     620
     622
     672
     617
     624
     696
     656
     658
     652
     653
     693
     671
     695
     626
     665
     714
     683
     685
     674
     638
     615
     687
     719
     677
     706
     692
     697
     673
     703
     615
     625
     705
     648
     692
     710
     673
     642
     704
     619
     634
     677
     684
     705
     690
     644
     692
     703
     620
     649
     662
     672
     693
     710
     677
     642
     668
     725
     671
     725
     674
     690
     686
     701
     684
     674
     639
     650
     715
     682
     672
     689
     618
     646
     692
     655
     670
     702
     715
     682
     677
     677
     649
     673
     688
     687
     694
     696
     676
     732
     757
     676
     714
     724
     719
     689
     675
     684
     671
     700
     729
     766
     730
     696
     710
     671
     771
     715
     729
     721
     772
     707
     737
     722
     761
     745
     732
     715
     773
     718
     748
     731
     706
     731
     695
     698
     705
     704
     771
     728
     715
     740
     682
     693
     697
     714
     740
     684
     669
     694
     664
     653
     656
     679
     651
     615
     645
     657
     673
     671
     674
     647
     695
     604
     612
     659
     581
     628
     623
     605
     620
     627
     646
     632
     630
     593
     661
     607
     620
     639
     641
     633
     584
     608
     589
     580
     587
     592
     640
     632
     597
     563
     555
     636
     601
     530
     641
     612
     645
     641
     681
     834
    1027
    1607
    2464
    2821
    2227
    1416
     925
     724
     644
     621
     601
     568
     563
     567
     592
     567
     545
     560
     587
     541
     599
     561
     543
     587
     560
     627
     597
     532
     613
     549
     536
     565
     574
     565
     554
     549
     544
     521
     495
     538
     547
     480
     492
     531
     498
     511
     463
     466
     491
     468
     523
     480
     491
     493
     471
     477
     495
     478
     480
     431
     451
     448
     422
     452
     421
     433
     399
     454
     428
     420
     453
     410
     437
     418
     421
     451
     459
     444
     421
     410
     435
     424
     400
     402
     412
     400
     380
     438
     410
     418
     402
     416
     366
     415
     394
     437
     395
     390
     390
     417
     406
     355
     370
     431
     359
     403
     380
     367
     411
     384
     379
     380
     373
     359
     382
     367
     381
     389
     373
     411
     435
     378
     429
     492
     687
    1142
    1910
    2714
    2658
    1935
    1073
     631
     468
     422
     403
     357
     339
     355
     326
     349
     306
     323
     321
     364
     285
     333
     342
     321
     298
     327
     325
     332
     284
     294
     327
     288
     316
     319
     318
     308
     281
     295
     326
     385
     380
     470
     435
     407
     346
     309
     286
     292
     297
     308
     294
     271
     301
     313
     286
     270
     291
     300
     282
     266
     286
     279
     275
     260
     303
     280
     264
     285
     293
     280
     272
     291
     283
     283
     321
     339
     396
     376
     327
     290
     257
     294
     269
     272
     270
     296
     281
     269
     284
     283
     268
     314
     297
     273
     273
     260
     284
     290
     257
     272
     256
     255
     248
     273
     260
     246
     278
     258
     262
     272
     272
     272
     269
     265
     258
     264
     337
     432
     614
    1002
    1882
    3523
    4782
    4612
    2980
    1630
     857
     531
     364
     339
     280
     263
     257
     266
     219
     225
     253
     230
     243
     240
     254
     228
     232
     248
     257
     248
     233
     204
     243
     239
     197
     225
     218
     213
     250
     240
     229
     198
     205
     229
     226
     208
     216
     214
     216
     225
     225
     235
     232
     215
     223
     222
     222
     211
     200
     239
     212
     213
     209
     226
     228
     205
     199
     224
     213
     239
     242
     218
     218
     218
     210
     206
     218
     225
     218
     210
     212
     210
     214
     191
     218
     223
     233
     224
     234
     211
     216
     212
     199
     227
     218
     218
     201
     233
     233
     226
     224
     230
     230
     233
     229
     211
     215
     214
     200
     214
     199
     190
     241
     216
     224
     225
     209
     208
     215
     205
     223
     211
     199
     240
     235
     257
     294
     391
     521
     933
    1754
    3597
    6088
    7381
    6270
    3623
    1759
     823
     541
     374
     274
     239
     218
     204
     195
     218
     182
     189
     155
     177
     186
     181
     216
     186
     189
     189
     187
     181
     175
     186
     185
     190
     173
     197
     168
     147
     186
     162
     167
     170
     177
     179
     189
     173
     178
     179
     202
     185
     155
     194
     168
     197
     183
     171
     174
     177
     172
     185
     189
     180
     182
     172
     183
     190
     198
     172
     184
     176
     189
     172
     206
     156
     164
     186
     215
     199
     184
     203
     167
     193
     200
     195
     207
     226
     228
     215
     227
     248
     203
     198
     173
     178
     159
     197
     156
     203
     196
     182
     205
     173
     218
     183
     189
     199
     164
     197
     181
     173
     183
     171
     198
     202
     216
     176
     172
     189
     163
     184
     169
     192
     177
     188
     199
     186
     212
     214
     196
     162
     190
     202
     183
     168
     199
     191
     203
     190
     207
     186
     200
     198
     214
     209
     185
     192
     198
     189
     210
     161
     188
     198
     193
     201
     174
     207
     202
     226
     198
     175
     198
     201
     180
     204
     196
     211
     199
     192
     186
     192
     178
     209
     201
     215
     178
     183
     183
     186
     155
     187
     179
     148
     145
     181
     144
     163
     152
     177
     140
     142
     164
     165
     146
     122
     161
     122
     161
     146
     132
     144
     147
     149
     127
     126
     129
     110
     146
     146
     147
     125
     137
     149
     147
     145
     134
     117
     132
     123
     133
     125
     138
     120
     125
     122
     105
     142
     135
     113
     141
     149
     122
     138
     140
     136
     161
     150
     152
     141
     130
     129
     135
     118
     123
     147
     125
     117
     130
     100
     132
     136
     131
     156
     128
     145
     132
     121
     126
     112
     125
     125
     126
     125
     103
     104
     123
     117
     120
     117
     125
     130
     127
     125
     122
     144
     118
     103
     111
     101
     136
     126
     139
     124
     131
     118
     124
     108
     112
     114
     112
     120
     124
     152
     144
     156
     154
     117
     142
     103
     113
     100
     115
     111
     131
     130
     121
     132
     141
     130
     122
     117
     103
     120
     105
     113
     104
      93
     100
     107
     112
      95
     102
     101
     100
     114
      98
     105
     104
     119
      91
      95
      90
      87
     100
      85
     109
      82
      94
     124
      99
     100
      94
      90
      96
      88
     105
      83
     100
      87
     104
     100
     121
     112
      84
     102
     104
     108
     139
     114
     106
     126
     104
     120
     123
     111
      90
      92
     112
      83
     114
      98
      93
      99
      86
      88
      90
      81
      87
      90
      87
      97
      89
      94
      92
      83
      97
      98
      75
      83
      96
      93
      98
      89
      83
      91
     112
      88
      97
      89
      84
      81
      97
      92
      83
      80
     108
     115
      85
      90
     104
      82
     103
     128
     108
     123
      86
      95
     105
      94
      95
      93
      99
      77
     101
      96
      89
      81
      88
      90
      79
      91
      80
      93
      84
      85
      86
      89
      91
      94
      66
     108
      84
      79
      86
      79
      79
     100
      85
     113
      99
      83
      83
      98
      80
      97
      83
     101
      81
      76
     108
      84
      73
      75
      94
      94
      96
      85
      83
      97
      75
      87
      85
      78
      92
      91
     102
      83
     103
      84
      86
      97
     113
      91
      85
      73
      83
      82
      91
      75
      91
      83
      58
      86
      83
      82
     104
      98
      74
      87
      92
      98
      96
     101
      83
      89
      88
      78
      95
      84
      83
      93
      85
      84
     102
     111
     122
     146
     103
     117
      82
      79
      82
      99
      81
     102
      77
      89
      69
      72
      75
      78
      81
      70
      81
      63
      81
      72
      96
      65
      87
      66
     121
      89
      86
      85
      76
      80
      84
      82
      77
      90
      87
      88
      76
      82
      78
      81
      76
      80
      77
      79
      88
      94
      85
      85
      73
      79
      69
      72
      80
      91
      79
      94
      98
     122
     174
     355
     609
    1287
    2280
    3502
    3982
    3161
    1853
     938
     443
     266
     182
     127
     105
      89
     102
      67
      74
      94
      93
      81
      90
      90
      72
      79
      83
      64
      76
      66
      71
      77
      59
      85
      69
      58
      68
      63
      57
      75
      80
      82
      78
      64
      87
      65
      69
      60
      76
      75
      74
      75
      74
      64
      78
      64
      78
      72
      68
      79
      73
      66
      57
      51
      66
      55
      57
      61
      70
      72
      74
      75
      76
      68
      60
      54
      70
      59
      76
      68
      65
      66
      70
      64
      65
      61
      68
      76
      68
      48
      64
      70
      47
      56
      59
      86
      70
      53
      74
      63
      56
      61
      63
      70
      78
      61
      63
      48
      68
      61
      69
      70
      52
      57
      53
      62
      61
      71
      59
      65
      53
      58
      87
      74
      65
      63
      65
      80
      78
     108
     134
     159
     158
     128
     109
      73
      71
      75
      70
      57
      56
      64
      58
      57
      63
      61
      45
      47
      69
      64
      68
      63
      59
      52
      71
      63
      50
      68
      53
      62
      62
      52
      63
      60
      66
      54
      68
      78
      60
      53
      68
      62
      52
      52
      59
      60
      59
      59
      50
      79
      39
      59
      70
      66
      69
      60
      56
      58
      53
      62
      71
      64
      61
      73
      57
      65
      60
      63
      53
      65
      64
      64
      65
      69
      50
      64
      60
      68
      64
      54
      69
      75
      72
      69
      84
      85
      87
      78
      71
      64
      75
      64
      53
      54
      68
      70
      57
      68
      52
      57
      58
      64
      57
      61
      66
      64
      49
      63
      56
      48
      76
      59
      51
      66
      63
      62
      57
      66
      69
      68
      58
      79
      65
      88
      79
      63
      72
      58
      56
      59
      62
      67
      60
      55
      66
      62
      52
      53
      57
      70
      61
      70
      63
      61
      59
      62
      57
      60
      46
      59
      64
      66
      66
      69
      49
      57
      69
      68
      64
      63
      51
      43
      52
      61
      46
      65
      59
      77
      50
      59
      62
      79
      91
     104
      84
      80
      67
      60
      63
      70
      69
      60
      80
      57
      51
      58
      54
      46
      62
      59
      61
      73
      74
      58
      69
      64
      67
      74
      48
      64
      46
      52
      72
      54
      47
      64
      56
      61
      65
      45
      63
      54
      59
      67
      51
      52
      43
      65
      68
      73
      55
      58
      61
      72
      74
      67
      94
      96
     132
     222
     316
     388
     323
     234
     130
      91
      81
      64
      52
      48
      63
      54
      56
      52
      47
      50
      71
      59
      56
      56
      46
      54
      64
      67
      57
      59
      65
      46
      56
      43
      61
      53
      47
      64
      57
      62
      63
      68
      99
     110
     134
     128
     103
      61
      66
      65
      59
      63
      55
      68
      48
      66
      62
      60
      59
      44
      53
      54
      52
      65
      48
      53
      48
      57
      55
      58
      71
      66
      63
      63
      40
      45
      61
      60
      63
      64
      54
      54
      55
      52
      46
      63
      94
      64
     100
     130
     149
      95
      66
      62
      63
      65
      64
      72
      54
      53
      53
      59
      55
      63
      49
      52
      51
      54
      58
      50
      55
      55
      54
      57
      53
      68
      50
      64
      51
      54
      46
      59
      68
      60
      74
      66
      55
      68
      65
      60
      50
      57
      70
      68
      68
      63
      65
      58
      59
      56
      55
      47
      66
      51
      48
      77
      58
      57
      54
      59
      62
      48
      66
      47
      46
      69
      60
      63
      51
      65
      74
     110
      86
      97
      91
      80
      77
      69
      61
      51
      58
      51
      64
      52
      58
      54
      54
      52
      43
      57
      55
      52
      55
      55
      59
      46
      56
      56
      63
      53
      61
      62
      55
      63
      75
      53
      59
      69
      53
      61
      48
      57
      44
      78
      45
      60
      61
      54
      57
      58
      65
      63
      60
      45
      67
      55
      51
      63
      49
      58
      66
      47
      51
      44
      52
      56
      55
      55
      58
      61
      76
      62
      44
      59
      44
      47
      57
      60
      58
      56
      77
      48
      50
      56
      52
      50
      55
      51
      74
      65
      73
      53
      64
      68
      50
      61
      63
      68
      56
      64
      62
      68
      52
      52
      57
      57
      46
      55
      44
      60
      64
      52
      63
      45
      62
      62
      46
      58
      45
      56
      68
      49
      66
      67
      48
      62
      63
      64
      58
      58
      67
      71
      63
      61
      54
      39
      47
      64
      53
      58
      75
      69
      59
      58
      54
      58
      69
      68
      60
      54
      54
      79
      74
      58
      57
      54
      46
      62
      63
      81
      62
      62
      74
      60
      60
      70
      48
      61
      56
      53
      55
      50
      57
      44
      50
      43
      60
      54
      53
      71
      58
      44
      56
      45
      47
      55
      56
      59
      48
      44
      50
      53
      42
      51
      50
      43
      58
      66
      46
      52
      59
      53
      49
      59
      52
      46
      59
      56
      54
      49
      62
      88
      99
     141
     191
     210
     170
     141
      84
      81
      49
      38
      45
      56
      54
      60
      42
      48
      39
      54
      44
      46
      51
      53
      51
      49
      39
      45
      54
      57
      53
      50
      50
      32
      64
      60
      54
      52
      35
      50
      55
      54
      43
      49
      47
      55
      51
      45
      43
      39
      44
      56
      46
      53
      54
      41
      44
      44
      52
      50
      57
      58
      60
      46
      45
      49
      57
      40
      59
      61
      55
      56
      64
      54
      59
      54
      55
      36
      45
      58
      31
      60
      49
      47
      28
      47
      34
      50
      50
      48
      51
      44
      57
      47
      41
      46
      45
      40
      52
      48
      33
      49
      47
      41
      51
      45
      38
      40
      45
      39
      45
      43
      41
      38
      55
      52
      44
      31
      50
      45
      45
      42
      47
      42
      53
      39
      52
      54
      39
      47
      45
      46
      39
      48
      44
      38
      41
      40
      42
      44
      51
      49
      44
      56
      51
      43
      37
      48
      37
      50
      50
      47
      36
      48
      34
      52
      54
      37
      59
      55
      58
      60
      38
      53
      43
      37
      48
      47
      60
      39
      37
      49
      45
      45
      47
      44
      51
      42
      45
      56
      46
      52
      51
      42
      50
      60
      50
      46
      42
      44
      43
      48
      42
      49
      45
      40
      46
      45
      44
      39
      60
      36
      43
      45
      40
      35
      46
      38
      40
      48
      42
      52
      50
      37
      43
      44
      41
      46
      40
      36
      51
      30
      51
      53
      52
      35
      50
      32
      40
      33
      47
      27
      39
      35
      43
      36
      39
      28
      45
      51
      49
      40
      38
      47
      39
      33
      49
      38
      40
      46
      37
      42
      38
      33
      27
      49
      45
      38
      35
      34
      54
      42
      41
      42
      47
      44
      59
      50
      69
      33
      38
      56
      46
      40
      35
      37
      41
      54
      36
      38
      46
      34
      27
      37
      54
      36
      47
      43
      38
      31
      42
      34
      37
      45
      48
      34
      47
      29
      33
      42
      38
      36
      35
      29
      41
      38
      48
      47
      42
      51
      42
      35
      47
      32
      41
      24
      35
      27
      41
      35
      36
      45
      43
      44
      36
      25
      42
      32
      28
      33
      30
      36
      45
      37
      36
      39
      36
      31
      42
      42
      40
      50
      35
      37
      43
      29
      42
      46
      38
      40
      45
      35
      41
      45
      28
      38
      42
      42
      42
      29
      44
      36
      33
      28
      40
      33
      36
      53
      30
      46
      39
      44
      33
      40
      36
      43
      37
      31
      56
      45
      44
      43
      37
      38
      32
      36
      40
      37
      43
      46
      40
      39
      35
      44
      39
      31
      42
      43
      45
      35
      39
      34
      35
      41
      30
      39
      38
      35
      43
      39
      42
      31
      35
      51
      43
      70
      89
     173
     330
     464
     612
     726
     535
     364
     229
     126
      62
      59
      49
      37
      36
      47
      35
      31
      31
      35
      26
      27
      40
      30
      35
      40
      38
      36
      29
      33
      31
      40
      44
      39
      41
      42
      42
      39
      24
      36
      41
      41
      28
      35
      36
      36
      33
      38
      36
      36
      53
      37
      47
      50
      35
      36
      34
      31
      27
      35
      26
      52
      40
      35
      31
      37
      29
      45
      29
      43
      30
      38
      34
      26
      38
      38
      38
      39
      36
      47
      62
      74
      90
     108
      97
      62
      50
      39
      41
      42
      44
      37
      34
      26
      24
      31
      31
      43
      44
      29
      34
      33
      34
      37
      48
      39
      38
      29
      51
      41
      34
      43
      31
      37
      31
      34
      34
      30
      29
      38
      28
      33
      39
      38
      42
      46
      26
      32
      48
      26
      32
      34
      30
      32
      35
      26
      22
      28
      32
      38
      35
      45
      47
      43
      47
      40
      39
      33
      42
      35
      31
      24
      32
      40
      39
      30
      35
      28
      26
      46
      32
      32
      43
      32
      28
      29
      36
      31
      35
      26
      32
      31
      32
      31
      27
      26
      37
      40
      26
      34
      39
      29
      36
      32
      40
      27
      33
      31
      42
      35
      30
      28
      28
      26
      28
      28
      31
      32
      48
      40
      47
      50
      40
      28
      26
      27
      23
      32
      35
      27
      22
      34
      30
      30
      37
      24
      29
      38
      25
      31
      33
      22
      23
      33
      27
      26
      22
      35
      34
      31
      31
      33
      36
      26
      34
      25
      24
      37
      26
      22
      31
      31
      31
      29
      34
      34
      37
      29
      26
      31
      31
      26
      28
      33
      29
      25
      36
      32
      29
      35
      26
      33
      34
      50
      66
     117
     183
     246
     252
     191
     164
      95
      62
      38
      38
      38
      32
      34
      34
      30
      21
      28
      24
      28
      26
      38
      33
      30
      27
      27
      23
      26
      35
      36
      33
      33
      34
      30
      36
      29
      36
      43
      42
      41
      38
      44
      33
      20
      25
      32
      35
      29
      20
      33
      28
      36
      35
      38
      25
      33
      26
      20
      21
      31
      30
      30
      30
      23
      34
      27
      33
      25
      35
      31
      29
      26
      21
      25
      32
      31
      30
      32
      28
      33
      25
      32
      26
      35
      27
      20
      30
      32
      29
      25
      19
      31
      30
      25
      29
      45
      38
      49
      68
      67
      87
      74
      51
      44
      33
      29
      30
      36
      23
      17
      27
      24
      19
      30
      27
      25
      31
      26
      25
      39
      29
      27
      36
      23
      37
      28
      32
      33
      21
      20
      30
      29
      25
      27
      28
      26
      32
      20
      29
      31
      16
      22
      35
      34
      26
      22
      21
      24
      22
      39
      23
      30
      31
      21
      23
      33
      23
      28
      21
      22
      30
      34
      22
      28
      29
      29
      23
      26
      14
      35
      36
      19
      25
      28
      24
      28
      32
      28
      20
      34
      29
      16
      32
      32
      16
      18
      29
      21
      29
      24
      24
      28
      24
      32
      22
      21
      21
      20
      23
      18
      24
      22
      29
      20
      25
      28
      30
      25
      26
      26
      31
      23
      31
      25
      20
      17
      27
      19
      19
      22
      28
      26
      27
      31
      23
      24
      25
      26
      26
      25
      19
      23
      23
      25
      30
      22
      20
      35
      29
      24
      31
      27
      17
      22
      26
      22
      23
      19
      26
      21
      19
      15
      32
      30
      20
      35
      23
      30
      28
      37
      23
      26
      26
      30
      22
      21
      31
      23
      27
      21
      29
      26
      22
      18
      23
      28
      33
      23
      27
      24
      35
      32
      34
      26
      24
      31
      27
      27
      23
      15
      21
      20
      33
      26
      25
      19
      21
      30
      17
      20
      27
      25
      26
      24
      38
      26
      22
      22
      32
      21
      37
      49
      94
     109
     147
     169
     136
     122
      79
      49
      50
      37
      27
      27
      30
      25
      27
      31
      27
      37
      33
      50
      50
      55
      54
      36
      25
      23
      29
      30
      22
      40
      25
      20
      23
      27
      24
      25
      21
      16
      18
      27
      16
      26
      23
      26
      29
      21
      21
      20
      26
      23
      25
      31
      16
      41
      52
      58
      61
      74
      50
      37
      36
      30
      28
      24
      19
      21
      33
      28
      65
      75
      92
     126
      86
      78
      46
      37
      37
      33
      29
      31
      31
      20
      26
      26
      24
      27
      41
      18
      24
      27
      23
      23
      23
      33
      22
      30
      24
      23
      22
      24
      25
      21
      33
      27
      23
      17
      26
      24
      30
      28
      40
      30
      34
      33
      23
      10
      40
      31
      21
      26
      22
      23
      19
      28
      19
      22
      21
      30
      24
      20
      15
      15
      36
      30
      29
      21
      21
      17
      29
      19
      21
      20
      18
      18
      34
      22
      31
      34
      22
      31
      27
      32
      31
      22
      26
      22
      22
      21
      18
      19
      25
      21
      20
      26
      21
      28
      26
      22
      21
      18
      16
      24
      26
      16
      21
      17
      28
      17
      20
      19
      32
      22
      20
      29
      32
      32
      30
      53
      57
      61
      66
      47
      26
      35
      24
      36
      27
      30
      26
      25
      25
      25
      24
      25
      24
      28
      23
      26
      29
      26
      23
      34
      19
      19
      29
      31
      20
      29
      25
      33
      34
      28
      36
      23
      24
      23
      23
      23
      18
      26
      21
      22
      19
      20
      19
      29
      27
      23
      23
      17
      22
      21
      24
      25
      26
      30
      17
      21
      24
      27
      26
      23
      19
      19
      21
      24
      33
      24
      24
      38
      27
      31
      34
      28
      25
      30
      33
      22
      25
      35
      30
      21
      24
      17
      25
      26
      27
      31
      27
      27
      29
      29
      21
      28
      28
      31
      19
      23
      29
      30
      33
      26
      37
      39
      47
      77
      82
      88
      80
      47
      41
      50
      41
      35
      22
      29
      20
      34
      24
      18
      23
      20
      26
      25
      31
      21
      25
      32
      32
      26
      34
      30
      32
      22
      24
      32
      30
      24
      26
      21
      20
      26
      31
      21
      29
      40
      34
      23
      27
      31
      28
      29
      22
      23
      28
      26
      31
      26
      26
      23
      31
      28
      24
      30
      24
      25
      28
      24
      37
      30
      27
      30
      37
      29
      33
      35
      28
      30
      27
      29
      26
      36
      31
      32
      32
      41
      26
      28
      29
      25
      24
      28
      11
      17
      25
      10
      21
      19
      16
      20
      16
      20
      21
      18
      10
      19
      15
      14
      25
      19
      20
      24
      25
      16
      22
      19
      19
      20
      21
      22
      23
      16
      23
      12
      22
      18
      12
      13
      11
      22
      17
      18
      17
      17
      14
      14
      19
      18
      18
      22
      15
      20
      14
      11
      20
      19
      24
      25
      22
      13
      16
      17
      14
      25
      15
      20
      15
      10
      21
      13
      16
      17
      21
      26
      19
      12
      15
      20
      20
      19
      33
      37
      40
      42
      33
      20
      25
      24
      14
      22
      13
      20
      20
      13
      24
      19
      22
      13
      14
      12
      12
      18
      13
      17
      22
      17
      23
      15
      23
      22
      29
      19
      15
      18
      21
      15
      27
      33
      23
      33
      26
      27
      10
      18
      15
      19
      17
      19
       9
      24
      15
      21
      12
      20
      13
      19
      18
      26
      18
       7
      19
      20
      13
      13
      14
      24
       8
      17
      20
      20
      13
       8
      14
      11
      10
      15
       8
      12
      13
      15
      12
      17
      14
       5
      16
      13
      16
      11
       7
      15
       9
       7
      14
       9
      19
      11
       5
      16
      11
      13
      17
      18
      13
      11
      17
      19
      10
      20
      16
      11
      19
       9
      13
      13
      12
      14
      11
       7
      12
      20
      11
       8
      11
       9
      10
      12
      15
      13
      10
      11
       9
      11
      10
      11
       7
      12
       8
       6
      12
       8
       6
      12
      11
      12
      12
      15
      14
       9
       7
      11
      10
      12
      13
       6
       9
       9
       9
      11
      13
       7
      10
       9
       7
       9
      14
      12
       7
      12
      14
      11
      13
      13
      14
      16
      26
      23
      36
      36
      37
      16
      16
      13
      19
      10
      13
       6
       8
       8
      10
       8
      12
       4
       6
      11
       8
      11
       8
       2
       3
      10
       7
       9
       9
      10
       9
      10
       9
      13
       4
      11
      14
      16
       4
      14
       6
      11
      13
      17
      10
       8
       9
      11
      12
      11
      10
      23
      21
      13
      10
      11
      12
       7
      10
       6
       8
       9
       6
       8
      15
       8
      11
       9
       7
       4
      17
      10
      17
      17
      15
      15
      13
      10
      10
       6
       9
       7
      11
       6
       8
      11
       7
      11
       8
      10
       8
       5
       5
       7
      10
       8
       5
       5
       5
       8
      10
       5
       3
       7
       5
       6
       8
      10
       7
       8
       7
       7
      11
       9
       5
       4
       6
       5
      13
       6
       5
       7
       9
       5
       6
       8
       9
       6
       8
      10
      10
      10
      10
       9
       3
       4
       6
      10
      12
      15
       5
       7
       5
      11
       7
       5
      13
       8
      10
      19
      25
      29
      44
      74
      98
     106
      90
      75
      42
      13
      14
      16
       8
       7
       6
       8
       5
       6
       9
       5
       3
       5
       6
       8
      15
       3
       7
       6
       3
       4
       4
       4
       8
       7
      11
       7
       4
       6
       7
       7
      10
       8
       5
       7
       7
       6
       8
      12
       5
      12
       9
       5
       6
      10
      15
       4
      10
       6
       4
       6
       1
       8
       9
      14
       8
       8
       7
       3
       9
       7
       7
      11
       5
       9
       7
      11
      20
      26
      55
     102
     211
     315
     425
     430
     366
     279
     161
      85
      54
      31
      12
       8
       6
      10
      10
       4
       4
       6
      10
       4
      10
       6
       6
      10
       8
       7
       6
       8
       4
       8
       4
       4
       3
       5
       6
       5
       7
       8
      10
       3
       7
       6
      13
      10
       4
      10
       5
       5
       9
       7
       2
       7
       6
       5
       6
       9
       4
       4
       9
       3
       4
       4
       5
       8
      14
       5
       8
       4
       7
       7
       6
       7
       5
      10
       6
       4
       6
       8
       9
      10
       4
       6
       7
       6
       4
       4
       6
       5
       7
       8
       8
       4
       5
       3
       6
      11
       5
      11
       6
       6
      10
       5
       8
       6
       7
       6
       3
       5
      10
       8
       7
       6
       5
       4
       4
       5
       6
       7
       4
       8
      13
       6
       7
       6
       8
       7
       4
      10
       4
       9
       9
       9
       6
       7
       6
       3
       5
       6
       5
       5
       5
       5
       3
       6
       1
       7
       7
       7
       6
       4
       4
       6
       6
       4
       5
       5
       5
       8
       8
       8
       4
       5
       3
       4
       9
      11
      13
      14
      13
      17
      13
      10
      10
       5
       6
       8
      10
       5
       9
       7
       6
      10
      11
       9
      20
      38
      41
      55
      58
      64
      43
      41
      16
      15
       4
       4
      11
       7
       9
       2
       3
       3
      12
      10
       4
       8
      10
       4
       8
       8
       8
       5
       9
       8
       1
       8
       4
       4
       2
       7
       5
       6
       5
       6
       7
      11
       5
       7
       5
       6
       7
       4
       5
       7
       3
       6
       6
       6
       5
       9
       3
       4
       9
       8
      11
       6
      10
      14
       9
       9
       3
       2
      10
       4
       6
       6
       4
      11
       5
       6
       8
       7
       6
       8
       3
       8
       7
       6
       5
       4
       3
       1
       5
       6
       4
       7
      10
       1
       4
       9
       7
       5
       9
       7
      10
       5
       6
       4
       2
       3
       5
       4
       1
      12
       8
       9
      14
       8
      12
       7
       9
       9
       5
      11
       3
       4
       7
       3
       5
      10
       5
       3
      10
       6
       9
       0
       4
       4
       5
       1
      10
       4
       4
       7
       7
       3
       3
       4
       6
       5
       3
       2
       7
       7
       8
       8
       8
       4
      11
       7
       5
       9
       9
       6
       7
       3
      11
       5
       6
       5
       5
       3
       5
       4
       5
       4
       9
       6
       4
       8
       5
       6
       3
       4
       6
       5
       4
       3
       8
       6
       5
       4
      10
       7
       8
       6
       4
       3
       4
       6
       7
       5
       6
      11
       8
       6
       7
       9
      11
      10
       6
      10
       7
       3
       4
       2
      11
       6
       4
       4
       6
       7
       2
       4
       4
       4
       6
       4
       5
       6
       8
       6
       7
       6
       6
       5
       7
       5
       4
       5
       4
       7
       6
       3
       4
       5
       6
       9
       6
       7
       6
       5
       4
       8
       4
       2
       5
       8
       8
       6
       6
       1
      10
       8
       7
       8
       9
       7
       4
       7
       5
       8
       8
       7
       7
       9
      10
       4
       7
      13
       4
       5
       7
       6
       4
       6
       9
       4
       6
       5
       6
       4
       3
       7
       4
       4
       5
       3
       1
       5
       2
       2
       1
       4
       4
       3
       2
       3
       6
       0
       1
       6
       1
       9
       2
       6
       7
       7
       3
       5
       5
       5
       4
       4
       3
       3
       5
       6
       3
       4
       5
       4
       4
       2
       6
       7
       4
       5
       3
       2
       5
       4
       4
       4
       5
       3
       2
       3
       1
       4
       3
       4
       6
       4
       6
       4
       5
       4
       4
       2
       2
       4
       4
       6
       4
       2
       1
       4
       3
       5
       4
       4
      10
       7
       8
       6
       4
       3
       4
       6
       4
       2
       4
       5
       6
       6
       4
       7
       3
       3
       6
       2
       2
       5
       4
       2
       2
       4
       3
       2
       5
       2
       2
       7
       1
       2
       1
       3
       4
       4
       7
       5
       6
       4
       7
       4
       1
       5
       3
       1
       3
       8
       5
       1
       5
       0
       2
       1
       3
       5
       5
       3
       5
       5
       4
       4
       2
       3
       6
       2
       5
       4
       4
       5
       6
       5
       3
       2
       1
       2
       9
       3
       2
       7
       4
       3
       3
       2
       6
       2
       1
       5
       4
       4
       8
       7
       3
       1
       3
       4
       4
       4
       3
       1
       2
       4
       3
       3
       2
       2
       2
       2
       2
       2
       5
       3
       1
       3
       1
       3
       2
       6
       3
       4
       5
       3
       1
       4
       1
       0
       7
       5
       3
       1
       3
       1
       3
       2
       3
       3
       2
       3
       3
       2
       2
       1
       4
       3
       6
       1
       3
       3
       3
       4
       0
       4
       0
       4
       2
       1
       3
       4
       2
       3
       0
       3
       2
       3
       4
       0
       1
       4
       0
       3
       1
       8
       2
       2
       4
       1
       3
       2
       3
       2
       1
       7
       0
       1
       0
       3
       5
       3
       6
       0
       2
       6
       3
       2
       2
       1
       1
       6
       3
       3
       0
       0
       4
       0
       4
       2
       3
       4
       3
       0
       3
       1
       2
       4
       2
       2
       2
       1
       6
       5
       2
       3
       2
       1
       3
       3
       2
       0
       4
       4
       1
       2
       3
       5
       7
       8
       8
      31
      21
      34
      17
      28
       9
       9
       7
       5
       1
       1
       1
       3
       4
       3
       3
       3
       5
       2
       3
       2
       0
       1
       1
       1
       2
       6
       3
       4
       1
       2
       3
       5
       0
       3
       2
       5
       2
       2
       4
       0
       4
       0
       1
       1
       1
       1
       1
       1
       1
       2
       2
       0
       1
       2
       1
       1
       1
       0
       0
       1
       1
       2
       3
       3
       3
       1
       0
       1
       4
       5
       2
       3
       1
       5
       0
       2
       1
       3
       1
       1
       0
       1
       0
       6
       1
       2
       2
       2
       1
       2
       2
       2
       4
       1
       1
       1
       2
       1
       0
       1
       4
       4
       1
       0
       1
       2
       2
       2
       0
       2
       1
       0
       2
       3
       1
       2
       0
       0
       2
       2
       3
       0
       3
       5
       1
       1
       2
       1
       2
       3
       3
       1
       1
       1
       4
       2
       1
       1
       2
       2
       2
       2
       3
       1
       5
       3
       0
       1
       0
       2
       2
       3
       5
       2
       1
       3
       0
       1
       1
       2
       3
       1
       2
       5
       3
       2
       0
       1
       3
       1
       6
       2
       2
       1
       3
       3
       2
       3
       0
       1
       2
       3
       1
       1
       4
       5
       7
      25
      20
      54
      76
      79
      90
     101
      77
      42
      24
      12
       4
       7
       3
       4
       3
       2
       2
       5
       3
       4
       0
       4
       0
       0
       0
       1
       1
       0
       2
       0
       0
       1
       1
       2
       2
       2
       1
       1
       1
       0
       6
       0
       0
       2
       1
       2
       1
       1
       0
       3
       1
       1
       2
       0
       1
       1
       1
       0
       2
       1
       2
       0
       1
       3
       0
       4
       0
       3
       1
       1
       0
       2
       0
       1
       2
       0
       3
       0
       1
       2
       1
       0
       0
       1
       0
       1
       2
       1
       0
       2
       0
       2
       1
       0
       0
       0
       1
       1
       2
       0
       2
       0
       1
       0
       3
       3
       0
       1
       1
       2
       0
       1
       1
       2
       2
       1
       0
       0
       1
       0
       1
       2
       2
       0
       0
       1
       1
       1
       3
       1
       1
       0
       0
       2
       3
       0
       0
       1
       0
       1
       1
       1
       5
       3
       1
       2
       1
       3
       1
       1
       0
       1
       0
       2
       0
       0
       1
       3
       0
       2
       0
       1
       2
       1
       1
       2
       1
       0
       2
       0
       0
       1
       0
       2
       1
       1
       1
       0
       1
       2
       1
       0
       0
       0
       1
       3
       0
       0
       0
       1
       1
       0
       4
       2
       2
       1
       0
       2
       2
       2
       5
       9
       2
       9
       8
       9
       7
       1
       2
       1
       0
       1
       1
       1
       2
       0
       0
       3
       1
       2
       0
       0
       0
       0
       1
       1
       0
       2
       2
       0
       0
       0
       1
       0
       0
       1
       1
       3
       1
       2
       0
       1
       0
       0
       1
       1
       2
       1
       0
       2
       0
       1
       1
       3
       1
       0
       1
       0
       1
       0
       2
       1
       0
       1
       0
       0
       1
       1
       2
       0
       0
       1
       1
       0
       0
       2
       1
       0
       0
       1
       2
       1
       1
       1
       1
       2
       0
       0
       0
       1
       1
       1
       0
       0
       0
       2
       1
       0
       0
       0
       0
       0
       1
       0
       1
       0
       0
       2
       2
       0
       0
       0
       0
       0
       1
       0
       0
       1
       0
       0
       1
       0
       0
       3
       0
       1
       0
       0
       1
       1
       2
       0
       2
       0
       0
       0
       0
       0
       0
       1
       1
       1
       0
       2
       2
       1
       0
       0
       0
       0
       0
       0
       1
       1
       1
       0
       1
       0
       0
       0
       0
       0
       0
       1
       0
       1
       0
       0
       0
       1
       1
       0
       3
       1
       1
       0
       0
       0
       0
       0
       0
       0
       1
       1
       1
       1
       0
       2
       2
       1
       4
       0
       0
       0
       1
       0
       0
       0
       2
       1
       0
       1
       0
       0
       1
       0
       1
       1
       0
       1
       0
       1
       1
       0
       0
       0
       2
       0
       0
       0
       1
       0
       1
       0
       0
       0
       0
       0
       0
       1
       0
       1
       0
       0
       0
       1
       1
       0
       1
       2
       1
       0
       1
       0
       0
       0
       0
       0
       0
       0
       0
       0
       0
       2
       1
       0
       0
       1
       0
       0
       0
       0
       0
       0
       0
       0
       0
       0
       0
       0
       0
       1
       0
       0
       0
       0
       0
       0
       1
       1
       1
       0
       0
       1
       1
       0
       0
       1
       1
       0
       1
       1
       0
       0
       1
       2
       0
       1
       0
       0
       0
       0
       1
       0
       1
       0
       0
       0
       1
       2
       0
       0
       0
       0
       1
       0
       1
       0
       0
       1
       0
       0
       1
       1
       0
       3
       0
       0
       0
       0
       3
       0
       0
       1
       0
       0
       0
       0
       2
       1
       3
       0
       3
       5
      14
      10
      29
      30
      27
      18
      11
      21
       8
       2
       4
       3
       2
       1
       0
       0
       2
       0
       0
       0
       1
       0
       0
       0
       0
       0
       0
       0
       0
       0
       0
       0
       0
       0
       0
       0
       0
       0
       0
       1
       0
       1
       1
       0
       1
       0
       1
       0
       0
       0
       0
       0
       0
       0
       0
       0
       0
       0
       0
       0
       0
       0
       1
       0
       0
       0
       0
       0
       0
       0
       1
       0
       0
       1
       0
       0
       1
       0
       0
       0
       1
       0
       1
       0
       0
       1
       0
       0
       0
       0
       0
       2
       0
       0
       0
       0
       0
       0
       0
       0
       0
       1
       0
       0
       0
       1
       0
       0
       0
       0
       0
       0
       0
       1
       0
       0
       0
       1
       0
       0
       0
       0
       0
       0
       0
       0
       0
       0
       1
       0
       0
       2
       1
       1
       0
       0
       0
       0
       0
       0
       0
       0
       0
       0
       1
       0
       0
       0
       0
       1
       0
       0
       1
       0
       0
       0
       2
       0
       0
       0
       0
       0
       0
       0
       1
       0
       0
       0
       1
       0
       0
       0
       0
       0
       0
       0
       0
       0
       0
       0
       0
       1
       1
       1
       0
       0
       0
       0
       0
       0
       0
       0
       0
       0
       0
       0
       0
       0
       0
       0
       0
       1
       0
       0
       0
       0
       0
       0
       0
       0
       0
       0
       0
       0
       0
       1
       0
       0
       0
       1
       0
       0
       0
       0
       0
       0
       0
       0
       0
       0
       0
       0
       0
       0
       0
       0
       0
       0
       1
       0
       0
       0
       0
       0
       0
       0
       0
       0
       0
       0
       1
       1
       0
       0
       0
       0
       0
       1
       2
       0
       0
       0
       1
       1
       0
       0
       0
       0
       0
       0
       0
       0
       0
       0
       0
       1
       1
       0
       0
       1
       0
       0
       0
       0
       0
       0
       0
       0
       0
       0
       1
       1
       0
       0
       0
       0
       0
       0
       0
       0
       0
       0
       0
       0
       1
       1
       1
       0
       0
       0
       0
       0
       0
       0
       0
       0
       1
       0
       0
       0
       0
       0
       0
       0
       0
       1
       0
       0
       0
       2
       0
       0
       0
       1
       0
       0
       0
       0
       0
       0
       0
       0
       1
       0
       0
       0
       0
       0
       1
       0
       0
       0
       0
       0
       0
       0
       0
       0
       0
       0
       0
       1
       1
       0
       0
       0
       0
       0
       0
       0
       2
       1
       4
       2
       1
       1
       1
       2
       3
       3
       0
       0
       0
       0
       0
       0
       0
       0
       0
       0
       0
       0
       0
       0
       0
       0
       1
       0
       0
       0
       0
       0
       0
       0
       0
       0
       0
       0
       0
       0
       0
       0
       0
       0
       0
       1
       0
       0
       0
       0
       0
       0
       0
       0
       0
       0
       0
       0
       0
       0
       0
       1
       1
       0
       0
       1
       0
       0
       0
       1
       1
       0
       0
       0
       0
       0
       0
       0
       0
       0
       0
       0
       0
       0
       0
       0
       0
       0
       0
       1
       0
       0
       0
       0
       0
       0
       0
       0
       0
       0
       0
       0
       0
       0
       1
       1
       0
       0
       0
       0
       0
       1
       0
       0
       0
       0
       2
       0
       0
       0
       0
       1
       0
       0
       1
       0
       0
       0
       0
       0
       0
       1
       0
       0
       0
       0
       0
       0
       0
       0
       0
       0
       0
       1
       0
       0
       0
       0
       0
       0
       0
       0
       0
       0
       0
       0
       0
       0
       0
       0
       0
       0
       1
       0
       0
       0
       0
       1
       0
       0
       0
       0
       0
       0
       0
       0
       0
       0
       0
       0
       0
       0
       1
       2
       2
       0
       1
       0
       0
       1
       0
       0
       0
       0
       0
       0
       0
       0
       0
       1
       0
       0
       0
       0
       0
       1
       0
       0
       0
       0
       0
       1
       1
       0
       1
       0
       0
       0
       0
       0
       0
       0
       0
       0
       0
       2
       0
       0
       0
       0
       0
       0
       0
       0
       0
       0
       0
       0
       0
       0
       0
       0
       0
       0
       0
       0
       0
       1
       1
       0
       0
       0
       0
       0
       0
       0
       0
       0
       0
       0
       1
       1
       0
       0
       0
       0
       0
       0
       1
       0
       0
       0
       1
       0
       0
       0
       1
       0
       0
       0
       0
       0
       1
       0
       0
       0
       0
       0
       0
       1
       0
       0
       0
       0
       0
       0
       0
       0
       0
       1
       0
       0
       0
       0
       0
       0
       0
       0
       0
       0
       0
       1
       0
       0
       0
       0
       0
       0
       0
       0
       0
       0
       0
       0
       0
       0
       0
       0
       0
       0
       0
       0
       0
       0
       0
       0
       0
       0
       0
       0
       0
       0
       0
       0
       0
       0
       0
       0
       0
       0
       0
       0
       1
       2
       0
       0
       1
       0
       0
       0
       0
       0
       0
       0
       0
       0
       0
       0
       0
       0
       0
       0
       0
       0
       0
       0
       0
       0
       0
       0
       0
       0
       0
       0
       0
       0
       0
       0
       1
       0
       1
       0
       0
       0
       0
       0
       0
       0
       0
       0
       0
       0
       0
       0
       0
       0
       0
       0
       1
       0
       0
       0
       0
       0
       1
       0
       0
       0
       0
       0
       0
       0
       1
       0
       0
       0
       0
       0
       0
       0
       0
       0
       0
       0
       0
       0
       0
       0
       0
       0
       0
       0
       0
       0
       0
       0
       0
       0
       0
       0
       0
       1
       0
       0
       0
       2
       0
       0
       0
       0
       0
       0
       0
       0
       0
       0
       0
       0
       0
       0
       0
       0
       0
       0
       0
       0
       0
       0
       0
       0
       0
       0
       0
       0
       0
       0
       0
       0
       0
       0
       0
       0
       0
       0
       0
       1
       0
       0
       0
       0
       0
       1
       0
       0
       0
       0
       0
       0
       0
       0
       0
       0
       0
       0
       0
       0
       0
       0
       0
       0
       0
       0
       0
       0
       0
       0
       0
       0
       0
       0
       0
       0
       0
       0
       0
       0
       0
       0
       0
       0
       0
       0
       0
       0
       0
       0
       0
       0
       0
       0
       0
       0
       0
       1
       0
       0
       0
       0
       0
       0
       0
       0
       0
       1
       0
       0
       0
       0
       0
       0
       0
       0
       1
       0
       0
       0
       0
       0
       0
       0
       0
       0
       0
       0
       0
       0
       0
       0
       0
       0
       0
       0
       0
       0
       0
       0
       0
       0
       0
       0
       0
       0
       0
       0
       0
       0
       0
       0
       0
       0
       0
       0
       0
       0
       0
       0
       0
       0
       0
       0
       0
       0
       0
       0
       0
       1
       0
       0
       2
       0
       0
       1
       0
       0
       0
       0
       0
       0
       0
       0
       0
       0
       0
       0
       0
       1
       0
       0
       0
       0
       0
       0
       0
       0
       0
       0
       0
       0
       0
       0
       0
       0
       0
       0
       0
       0
       0
       0
       1
       0
       0
       0
       0
       0
       0
       0
       0
       0
       0
       0
       0
       0
       0
       0
       0
       0
       0
       1
       0
       0
       0
       0
       0
       0
       0
       0
       0
       0
       0
       0
       0
       0
       0
       0
       0
       0
       0
       0
       1
       0
       0
       0
       0
       0
       0
       0
       0
       0
       0
       0
       0
       0
       1
       0
       0
       0
       0
       0
       0
       0
       0
       0
       0
       0
       0
       0
       0
       0
       0
       0
       0
       0
       0
       0
       0
       0
       0
       0
       0
       0
       0
       0
       0
       0
       0
       0
       0
       0
       0
       0
       0
       0
       0
       0
       0
       0
       0
       0
       0
       0
       0
       0
       0
       0
       0
       0
       0
       0
       0
       0
       0
       0
       0
       0
       0
       0
       0
       0
       0
       0
       0
       0
       0
       0
       0
       0
       0
       0
       0
       0
       0
       0
       0
       0
       0
       0
       0
       0
       0
       0
       0
       0
       0
       0
       0
       0
       0
       0
       0
       0
       0
       0
       0
       0
       0
       0
       0
       0
       0
       0
       0
       0
       0
       0
       1
       0
       0
       0
       0
       0
       0
       0
       0
       0
       0
       0
       0
       0
       0
       0
       0
       0
       0
       0
       0
       0
       0
       0
       0
       0
       0
       0
       0
       0
       0
       0
       0
       0
       0
       0
       0
       1
       0
       0
       0
       0
       0
       0
       0
       0
       0
       0
       0
       0
       0
       0
       0
       0
       0
       0
       0
       0
       0
       1
       0
       0
       0
       0
       0
       0
       0
       0
       0
       0
       0
       0
       0
       0
       0
       0
       0
       0
       0
       0
       0
       0
       0
       0
       0
       0
       0
       0
       0
       0
       0
       0
       0
       0
       0
       0
       0
       0
       0
       0
       0
       0
       0
       0
       0
       0
       0
       0
       0
       0
       0
       0
       0
       0
       0
       0
       0
       0
       0
       0
       0
       0
       0
       0
       0
       0
       0
       0
       0
       0
       0
       0
       0
       0
       0
       0
       0
       0
       0
       0
       0
       0
       0
       0
       0
       0
       0
       0
       0
       0
       0
       1
       0
       0
       0
       0
       0
       0
       0
       0
       0
       0
       0
       0
       0
       0
       0
       0
       0
       0
       0
       0
       0
       0
       1
       0
       1
       0
       0
       0
       0
       0
       0
       0
       0
       0
       0
       0
       0
       0
       0
       0
       0
       0
       0
       0
       0
       0
       0
       0
       0
       0
       0
       0
       0
       0
       0
       0
       0
       0
       0
       0
       0
       0
       0
       0
       0
       0
       0
       0
       0
       0
       0
       0
       0
       0
       0
       0
       0
       0
       0
       0
       0
       0
       0
       0
       0
       0
       0
       0
       0
       0
       0
       0
       0
       0
       0
       0
       0
       0
       0
       0
       0
       0
       0
       0
       0
       0
       0
       0
       0
       0
       0
       0
       0
       0
       0
       0
       0
       0
       0
       0
       0
       0
       0
       0
       0
       0
       0
       0
       0
       0
       0
       0
       0
       0
       0
       0
       0
       0
       0
       0
       0
       0
       0
       0
       0
       0
       0
       0
       0
       0
       0
       0
       0
       0
       0
       0
       0
       0
       0
       0
       0
       0
       0
       0
       0
       0
       0
       0
       0
       0
       0
       0
       0
       0
       0
       0
       0
       0
       0
       0
       0
       0
       0
       0
       0
       0
       0
       0
       0
       0
       0
       0
       0
       1
       0
       0
       0
       0
       0
       1
       0
       0
       0
       0
       0
       0
       0
       0
       0
       0
       0
       0
       0
       0
       0
       0
       0
       0
       0
       0
       0
       0
       0
       0
       0
       0
       0
       0
       0
       0
       0
       0
       0
       0
       0
       0
       0
       0
       0
       0
       0
       0
       0
       0
       0
       0
       0
       0
       0
       0
       0
       0
       0
       0
       0
       0
       0
       0
       0
       0
       0
       0
       0
       0
       0
       0
       0
       0
       0
       0
       0
       0
       0
       0
       0
       0
       1
       0
       0
       0
       0
       0
       0
       0
       0
       0
       0
       0
       0
       0
       0
       0
       0
       0
       0
       0
       0
       0
       0
       0
       0
       0
       0
       0
       0
       0
       0
       0
       0
       0
       0
       0
       0
       0
       0
       0
       0
       0
       0
       0
       0
       0
       0
       0
       0
       0
       0
       0
       0
       0
       0
       0
       0
       0
       0
       0
       0
       0
       0
       0
       0
       0
       0
       0
       0
       0
       0
       0
       0
       0
       0
       0
       0
       0
       0
       0
       0
       0
       0
       0
       0
       0
       0
       0
       0
       0
       0
       0
       0
       0
       0
       0
       0
       0
       0
       0
       0
       0
       0
       0
       0
       0
       0
       0
       0
       0
       0
       0
       0
       0
       0
       0
       0
       0
       0
       0
       0
       0
       0
       0
       0
       0
       0
       0
       0
       0
       0
       0
       0
       0
       0
       0
       0
       0
       0
       0
       0
       0
       0
       0
       0
       0
       0
       0
       0
       0
       0
       0
       0
       0
       0
       0
       0
       0
       0
       0
       0
       0
       0
       0
       0
       0
       0
       0
       0
       0
       0
       0
       0
       0
       0
       0
       0
       0
       0
       0
       0
       0
       1
       0
       0
       0
       0
       0
       0
       0
       0
       0
       0
       0
       0
       0
       0
       0
       0
       0
       0
       0
       0
       0
       0
       0
       0
       0
       0
       0
       0
       0
       0
       0
       0
       0
       0
       0
       0
       0
       0
       0
       0
       0
       0
       0
       0
       0
       0
       0
       0
       0
       0
       0
       0
       0
       0
       0
       0
       0
       0
       0
       0
       0
       0
       0
       0
       0
       0
       0
       0
       0
       0
       0
       0
       0
       0
       0
       0
       0
       0
       0
       0
       0
       0
       0
       0
       0
       0
       0
       0
       0
       0
       0
       0
       0
       0
       0
       0
       0
       0
       0
       0
       1
       0
       0
       0
       0
       0
       0
       0
       0
       0
       0
       0
       0
       0
       0
       0
       0
       0
       0
       0
       0
       0
       0
       0
       0
       0
       0
       0
       1
       0
       0
       0
       0
       0
       0
       0
       0
       0
       0
       0
       0
       0
       0
       0
       0
       0
       0
       0
       0
       0
       0
       0
       0
       0
       0
       0
       0
       0
       0
       0
       0
       0
       0
       0
       0
       0
       0
       0
       0
       0
       0
       0
       0
       0
       0
       0
       0
       0
       0
       0
       0
       0
       0
       0
       0
       0
       0
       0
       0
       0
       0
       0
       0
       0
       0
       0
       0
       0
       0
       0
       0
       0
       0
       0
       0
       0
       0
       0
       0
       0
       0
       0
       0
       0
       0
       0
       0
       0
       0
       0
       0
       0
       0
       0
       0
       0
       0
       0
       0
       0
       0
       0
       0
       0
       0
       0
       0
       0
       0
       0
       0
       0
       0
       0
       0
       0
       1
       0
       0
       0
       0
       0
       0
       0
       0
       0
       0
       0
       0
       0
       0
       0
       0
       0
       0
       0
       0
       0
       0
       0
       0
       1
       0
       0
       0
       0
       0
       0
       0
       0
       0
       0
       0
       0
       0
       0
       0
       0
       0
       0
       0
       0
       0
       0
       0
       0
       1
       0
       0
       0
       0
       0
       0
       0
       0
       0
       0
       0
       0
       0
       0
       0
       0
       0
       0
       0
       0
       0
       0
       0
       0
       0
       0
       0
       0
       0
       0
       0
       0
       0
       0
       0
       0
       0
       0
       0
       0
       0
       0
       0
       0
       0
       0
       0
       0
       0
       0
       0
       0
       0
       0
       0
       0
       0
       0
       0
       0
       0
       1
       0
       0
       0
       0
       0
       0
       0
       0
       0
       0
       0
       0
       0
       0
       0
       0
       0
       0
       0
       0
       0
       0
       0
       0
       0
       0
       0
       0
       0
       0
       0
       0
       0
       0
       0
       0
       0
       0
       0
       0
       0
       0
       0
       0
       0
       0
       0
       0
       0
       0
       0
       0
       0
       0
       0
       0
       0
       0
       0
       0
       0
       0
       0
       0
       0
       0
       0
       0
       0
       0
       1
       0
       0
       0
       0
       0
       0
       0
       0
       0
       0
       0
       0
       0
       0
       0
       0
       0
       0
       0
       0
       0
       0
       0
       0
       0
       0
       0
       0
       0
       0
       0
       0
       0
       0
       0
       0
       0
       0
       0
       0
       0
       0
       0
       0
       0
       0
       0
       0
       0
       0
       0
       0
       0
       0
       0
       0
       0
       0
       0
       0
       0
       0
       0
       0
       0
       0
       0
       0
       0
       0
       0
       0
       0
       0
       0
       0
       0
       0
       0
       0
       0
       0
       0
       0
       0
       0
       0
       0
       0
       0
       0
       0
       0
       0
       0
       0
       0
       0
       0
       0
       0
       0
       0
       0
       0
       0
       0
       0
       0
       0
       0
       0
       0
       0
       0
       0
       0
       0
       0
       0
       0
       0
       0
       0
       0
       0
       0
       0
       0
       0
       0
       0
       0
       0
       0
       0
       0
       0
       0
       0
       0
       0
       0
       0
       0
       0
       0
       0
       0
       0
       0
       0
       0
       0
       0
       0
       0
       0
       0
       0
       0
       0
       0
       0
       0
       0
       0
       0
       0
       0
       0
       0
       0
       0
       0
       0
       0
       0
       0
       0
       0
       0
       0
       0
       0
       0
       0
       0
       0
       0
       0
       0
       0
       0
       0
       0
       0
       0
       0
       0
       0
       0
       0
       0
       0
       0
       0
       0
       0
       0
       0
       0
       0
       0
       0
       0
       0
       0
       0
       0
       1
       0
       0
       0
       0
       0
       0
       0
       0
       0
       0
       0
       0
       0
       0
       0
       0
       0
       0
       0
       0
       0
       0
       0
       0
       0
       0
       0
       0
       0
       0
       0
       0
       0
       0
       0
       0
       0
       0
       1
       0
       0
       0
       0
       0
       0
       0
       0
       0
       0
       0
       0
       0
       0
       0
       0
       0
       0
       0
       0
       0
       0
       0
       0
       0
       0
       0
       0
       0
       0
       0
       0
       0
       0
       0
       0
       0
       0
       0
       0
       0
       0
       0
       0
       0
       0
       0
       0
       0
       0
       0
       0
       0
       0
       0
       0
       0
       0
       0
       0
       0
       0
       0
       1
       0
       0
       0
       0
       0
       0
       0
       0
       0
       0
       0
       0
       0
       0
       0
       0
       0
       0
       0
       0
       0
       0
       0
       0
       0
       0
       0
       0
       0
       0
       0
       0
       0
       0
       0
       0
       0
       0
       0
       0
       0
       0
       0
       0
       0
       0
       0
       0
       0
       0
       0
       0
       0
       0
       0
       0
       0
       0
       0
       0
       0
       0
       0
       0
       0
       0
       0
       0
       0
       0
       0
       0
       0
       0
       0
       0
       0
       0
       0
       0
       0
       0
       0
       0
       0
       0
       0
       0
       0
       0
       0
       0
       0
       0
       0
       0
       0
       0
       0
       0
       0
       0
       0
       0
       0
       0
       0
       0
       0
       0
       0
       0
       0
       0
       0
       0
       0
       0
       0
       0
       0
       0
       0
       0
       0
       0
       0
       0
       0
       0
       0
       0
       0
       0
       0
       0
       0
       0
       0
       0
       0
       0
       0
       0
       0
       0
       0
       0
       0
       0
       0
       0
       0
       0
       0
       0
       0
       0
       0
       0
       0
       0