       0
       0
       0
       0
       0
       0
       0
       0
       0
       0
       0
       0
       0
       0
       0
       0
       0
       0
       0
       0
       0
       0
       0
       0
       0
       0
       0
       0
       0
       0
       0
       0
       0
       0
       0
       0
       0
       0
       0
       0
       0
       0
       0
       0
       0
       0
       0
       5
      42
     123
     228
     377
     885
     350
     276
     322
     412
     466
     502
     588
     632
     614
     570
     605
     554
     566
     552
     535
     521
     516
     504
     483
     545
     528
     501
     517
     491
     470
     505
     527
     451
     473
     484
     474
     494
     470
     515
     491
     460
     458
     464
     500
     500
     501
     501
     489
     428
     469
     459
     444
     449
     451
     438
     462
     443
     461
     480
     447
     507
     473
     433
     452
     484
     442
     452
     456
     456
     457
     444
     485
     477
     453
     501
     471
     505
     443
     491
     469
     482
     472
     487
     475
     434
     522
     464
     506
     451
     497
     507
     502
     515
     517
     523
     513
     463
     558
     561
     511
     527
     548
     524
     548
     561
     560
     526
     506
     595
     583
     576
     536
     591
     580
     565
     584
     592
     553
     623
     605
     639
     539
     641
     575
     618
     670
     619
     598
     681
     561
     625
     608
     669
     605
     626
     657
     561
     630
     630
     583
     655
     693
     630
     667
     690
     656
     662
     670
     575
     667
     635
     627
     654
     681
     658
     638
     663
     621
     631
     684
     658
     667
     647
     645
     671
     667
     646
     638
     690
     665
     677
     608
     685
     630
     710
     651
     601
     689
     738
     637
     656
     643
     650
     655
     698
     632
     645
     678
     659
     644
     708
     659
     659
     641
     632
     679
     622
     656
     679
     623
     660
     592
     642
     679
     664
     632
     660
     656
     649
     661
     595
     664
     636
     594
     616
     648
     635
     647
     640
     574
     638
     646
     639
     670
     648
     646
     619
     629
     643
     627
     637
     611
     584
     606
     639
     593
     625
     594
     595
     619
     645
     641
     636
     578
     592
     586
     572
     557
     576
     574
     564
     614
     599
     581
     553
     563
     585
     555
     547
     552
     576
     594
     575
     617
     529
     505
     539
     534
     575
     557
     535
     528
     535
     567
     528
     582
     528
     554
     518
     539
     518
     546
     521
     537
     508
     499
     537
     454
     478
     481
     488
     498
     457
     497
     534
     523
     498
     482
     516
     509
     526
     457
     530
     484
     492
     481
     442
     473
     484
     462
     448
     477
     479
     425
     444
     433
     491
     492
     455
     467
     437
     460
     468
     458
     453
     417
     480
     461
     423
     426
     420
     465
     425
     428
     410
     440
     447
     438
     425
     419
     425
     403
     384
     419
     443
     482
     389
     404
     406
     403
     398
     420
     367
     408
     412
     412
     386
     402
     405
     375
     439
     402
     412
     393
     383
     414
     396
     389
     360
     369
     373
     373
     377
     390
     369
     371
     369
     364
     373
     394
     435
     380
     377
     359
     394
     374
     356
     392
     321
     394
     335
     326
     356
     368
     389
     323
     370
     353
     354
     320
     349
     397
     350
     339
     333
     324
     381
     359
     350
     330
     316
     326
     329
     331
     315
     360
     327
     344
     355
     312
     318
     310
     349
     308
     343
     343
     300
     351
     321
     347
     332
     349
     334
     342
     334
     337
     370
     328
     331
     321
     324
     324
     320
     332
     321
     339
     333
     336
     301
     307
     340
     346
     321
     327
     322
     314
     317
     277
     296
     303
     293
     279
     308
     307
     301
     294
     319
     317
     323
     303
     305
     280
     327
     294
     272
     314
     305
     294
     309
     298
     304
     286
     281
     294
     375
     378
     337
     325
     333
     316
     304
     288
     317
     301
     282
     299
     286
     295
     290
     271
     291
     258
     290
     289
     280
     274
     267
     292
     266
     250
     270
     250
     247
     237
     271
     270
     266
     259
     273
     264
     254
     258
     251
     258
     254
     256
     244
     239
     260
     246
     256
     264
     259
     261
     216
     262
     207
     242
     226
     262
     228
     219
     262
     261
     203
     220
     266
     239
     260
     244
     211
     237
     238
     231
     239
     220
     228
     230
     209
     233
     222
     229
     231
     245
     232
     231
     206
     211
     208
     213
     220
     203
     247
     212
     226
     222
     229
     239
     192
     191
     205
     224
     184
     180
     233
     198
     210
     238
     219
     195
     222
     192
     234
     206
     181
     203
     206
     213
     193
     224
     187
     210
     190
     212
     216
     187
     197
     204
     190
     191
     251
     223
     207
     231
     186
     203
     185
     210
     213
     196
     215
     193
     186
     186
     210
     193
     195
     221
     210
     200
     199
     200
     175
     193
     183
     177
     189
     195
     162
     170
     186
     172
     180
     207
     197
     193
     202
     180
     188
     184
     190
     171
     198
     209
     188
     180
     167
     168
     194
     189
     182
     180
     175
     158
     213
     202
     159
     182
     180
     180
     170
     183
     167
     159
     182
     173
     193
     167
     189
     184
     195
     180
     152
     159
     166
     187
     172
     193
     165
     178
     201
     181
     182
     180
     176
     183
     180
     176
     154
     176
     171
     188
     164
     183
     156
     168
     164
     188
     164
     169
     176
     170
     155
     185
     170
     169
     161
     149
     182
     167
     149
     154
     152
     160
     178
     176
     190
     219
     175
     177
     172
     169
     150
     157
     131
     169
     158
     220
     219
     192
     169
     167
     154
     153
     166
     174
     176
     162
     162
     149
     154
     148
     163
     153
     162
     145
     159
     154
     153
     135
     133
     162
     122
     146
     159
     161
     153
     159
     124
     137
     151
     160
     138
     186
     142
     142
     165
     137
     151
     152
     164
     149
     158
     140
     139
     148
     154
     164
     128
     137
     150
     126
     142
     132
     149
     121
     149
     157
     163
     136
     163
     133
     134
     158
     136
     134
     140
     127
     131
     152
     143
     122
     107
     123
     125
     166
     151
     134
     131
     146
     129
     146
     140
     158
     134
     150
     141
     134
     136
     152
     129
     136
     135
     127
     131
     141
     129
     131
     150
     129
     138
     120
     147
     161
     127
     129
     155
     137
     144
     120
     126
     126
     128
     135
     127
     138
     117
     134
     151
     139
     142
     133
     143
     127
     149
     136
     146
     140
     145
     137
     123
     148
     129
     146
     138
     131
     142
     145
     163
     130
     137
     159
     176
     204
     213
     189
     140
     129
     120
     116
     131
     129
     130
     136
     131
     127
     131
     142
     123
     120
     125
     131
     110
     117
     127
     125
     140
     111
     138
     127
     130
     127
     142
     117
     120
     121
     115
     135
     120
     133
     135
     145
     125
     120
     127
     114
     126
     122
     133
     115
     136
     116
     129
     109
     133
     123
     128
     144
     104
     129
     127
     107
     117
     121
     108
     120
     123
     125
      98
     103
     122
     130
     131
     152
     107
     114
     109
     113
     110
     132
     125
     109
     125
     120
     110
     128
     127
     121
     122
     123
     102
     118
     112
      91
      99
     107
     106
     137
     121
     130
     125
      98
     103
     111
     118
     105
     109
     125
     139
     106
     119
     128
     109
     110
     105
     106
     120
      91
     131
     109
     113
     116
     125
     113
     110
     114
     104
     103
     114
     126
     120
     119
     115
     124
     112
      97
     103
     127
     110
     102
     111
     115
     120
     108
     105
     105
     138
     103
      98
      95
     114
     115
     106
     122
      90
     115
     109
     105
     105
      91
     124
     122
     130
     111
     114
      96
     122
     119
     103
     102
     126
     110
      98
     106
     103
     121
     112
     112
     118
     112
     122
     100
      96
     117
     100
     111
     118
     107
     115
      96
     111
     101
      97
     110
     111
     115
     100
     111
      98
     107
     101
     113
     117
      99
     111
     100
     108
     107
     107
     138
     163
     189
     194
     199
     213
     183
     173
     129
     116
     125
     101
     129
     112
     114
      90
      99
     114
     102
     100
     110
     129
     115
     108
     107
     102
      95
      87
      90
     101
     116
     104
      96
      99
      86
     105
     100
     104
      97
     102
     111
     104
      89
      93
     104
      98
     102
      91
      89
      77
      99
      98
      96
     108
      90
     100
      91
     125
      95
      86
     109
     103
     101
     101
     110
     106
      89
      99
      97
     100
     101
     108
      89
     107
     114
     105
      85
     113
      93
      95
      94
     108
     109
     122
      99
      98
      99
      99
     108
     106
      89
      93
      99
     104
     102
     104
      91
      91
     115
     112
     104
     101
     103
      94
     110
     118
      97
      94
     106
      98
      92
     107
      95
     103
      98
      99
     111
      98
      89
     100
      96
      84
     104
      86
      86
      99
     102
      85
     109
     107
      91
      98
      97
     106
      98
      96
      93
     100
     115
      94
     102
      90
     102
      89
     108
     105
      89
     104
     115
     111
      79
      95
      76
     100
     115
      84
     122
      89
      93
      84
     104
      82
      96
      99
     114
     116
     108
     115
      98
      94
      90
     109
      89
      88
      91
      98
     105
      92
      93
     100
      97
      97
     100
     101
      96
      89
      81
      91
      83
      81
      86
      90
      77
      86
      97
     108
      83
      91
     114
      88
      91
      93
      93
     109
     100
     106
      80
      85
      84
      92
      82
      97
     110
      90
      79
     111
      89
     103
      97
     101
     110
     138
     206
     292
     326
     251
     204
     131
     105
      94
      79
      77
      79
      88
      97
      84
      94
      78
      71
      85
      84
      87
      98
      98
     100
      81
      83
      91
     104
      95
     102
      85
     101
      85
     102
      84
      95
      93
      90
     108
      92
      89
      85
      84
      85
      88
      82
      78
      78
     102
     102
      84
      93
      83
      72
      84
      82
      74
      76
      78
      74
      79
      92
      83
      93
      93
     113
      99
      82
      79
     101
      91
     103
      88
      74
      92
      72
      86
      88
      75
      81
      90
      81
      89
      87
      83
      81
      79
      96
      86
      95
      94
      82
      62
      93
      89
      91
      97
      82
      82
      78
      96
      83
      88
      97
      81
      90
      93
      93
      80
      99
      94
      98
      75
      94
      89
     103
      97
      89
     107
     121
     116
     113
     108
      78
      76
      75
      91
      82
     100
      89
      78
      74
      98
      74
     102
      78
      79
      77
      75
      86
      82
      75
     100
      99
      87
      86
      91
      82
      92
      87
      53
      94
      86
      88
      67
      73
      81
      78
      80
      78
      77
      76
      95
      79
      99
      76
      77
      88
      77
      74
      89
      88
      75
      83
      86
      90
      75
      74
      95
      70
      89
      69
      91
      88
      88
      81
      60
      83
      89
      86
      82
      76
      82
      69
      78
      83
      95
      79
      75
      80
      88
      73
      94
      91
      72
      76
      87
      82
     106
      95
      85
      79
      87
     105
      71
      97
      91
      90
      64
      84
      74
      89
      70
      84
     106
      73
      75
      79
      96
      81
      76
      74
      84
      62
      85
      80
      72
      88
      80
      83
      80
      78
      96
      79
      78
      81
     100
      74
      82
      79
     104
      89
      89
      87
      75
      82
      89
      93
      87
      83
      77
      61
      97
      78
      95
      74
      82
      81
      85
      80
      95
      73
      83
      80
      87
     101
      93
      87
     103
      74
      75
      83
      74
      92
      81
      75
      80
      68
      81
      93
      63
      82
      71
      79
     109
      84
      95
      60
      91
      97
     100
      71
      87
      84
      68
      79
      92
      76
      75
      84
      94
     101
      90
      75
      74
      75
      76
      73
      82
      81
      81
      78
     104
      89
      96
      76
      89
      86
      63
     105
      85
      84
      90
      81
      84
      78
      86
      87
      80
      85
      91
      83
      75
      74
      68
      75
      69
      87
      81
      81
      72
      83
      73
      72
      77
      97
      89
      94
     106
     115
      98
      79
      85
      83
      55
      69
      85
      79
      68
      71
      85
      73
      84
      74
      81
      83
      78
      81
      84
      64
      86
      78
      81
      97
      82
      77
      92
      82
      82
      67
      57
      97
      75
      64
      74
      81
      85
     113
      72
      74
      76
      73
      85
      77
      91
      82
      87
      67
      98
      79
      70
      90
      83
      75
      87
      78
      87
      74
      91
      92
      87
      72
      76
      90
      90
      73
      82
      78
      71
      89
      76
      76
      72
      73
      80
      80
      67
      87
      87
      93
      99
      95
      92
      91
      86
     106
      94
      79
      80
     106
      86
      73
      74
      63
     104
      68
      76
      70
      83
      92
      79
     101
      81
     100
      61
      64
      79
      91
      97
      91
      97
     100
      85
      84
      99
      62
      82
      71
      67
      69
      68
      71
      71
      85
      77
      62
      86
      80
      86
      84
      89
      81
      84
      88
      78
      78
      83
      66
      88
      90
      85
      89
      83
      83
      68
      82
      64
      82
      81
      67
      75
      85
      72
      53
      83
      98
      84
      72
      75
      89
      84
      83
      83
      80
      91
      83
      88
      83
      78
      80
      63
      80
      86
      68
      87
      80
      69
      82
      79
      76
      78
      83
      77
      74
      72
      85
      80
      69
      86
      87
      70
      78
      80
      82
      69
      87
      86
      71
      81
      81
      71
      84
      90
      90
      86
      83
      74
      78
      77
      84
      73
      87
      74
      77
      88
      75
      72
      66
      84
      84
      97
      88
      88
      78
      78
      74
     100
     105
      99
      82
      87
      71
      87
      87
      93
      73
      86
     112
     104
      78
      84
      73
      82
      91
      93
      86
      67
      74
      65
      92
      89
      75
      65
      95
      79
      87
      79
      98
      93
      78
      78
      84
      83
      91
      76
      69
      84
      77
      90
      62
      79
      74
      64
      73
      77
      68
      89
      75
      77
      70
      74
      92
      81
      80
      70
      83
      91
      75
      87
      81
      76
      83
      73
      64
      78
      79
      75
      81
      86
      75
      74
      84
      73
      84
      87
      76
      72
      62
      72
      78
      78
      70
      89
      72
      72
      94
      98
     104
     105
      93
      76
      90
      75
      81
      73
      80
      78
      73
      85
      85
      84
      81
      83
      80
      80
      68
      73
      74
      77
      69
      68
      91
      79
      87
      71
      84
      77
      84
      81
      81
      88
      74
      82
      74
      85
      75
      98
      81
      79
      86
      77
      58
      80
      77
      70
      84
      99
     100
     109
     107
      97
      89
      99
      67
      80
      61
      65
      79
      68
      76
      80
      99
      82
      85
      74
      71
      91
      88
      95
      74
      73
      78
     110
      85
      82
      86
      79
      75
      87
      76
      88
      73
      89
      69
      89
      76
      77
      76
      69
      75
      70
      71
      88
      78
      73
      69
      81
      81
      72
      93
      60
      90
      79
      89
      78
      84
      79
      76
      78
      84
      76
      77
      92
      78
      92
      75
     103
      84
      79
      83
      79
      83
      82
      68
     107
      93
      80
     112
      83
      83
      83
      83
      72
      81
     108
      78
      83
      86
      88
      88
      71
      66
      83
      68
      71
      78
      80
      96
      59
      78
      85
      73
      90
      88
      89
      88
      79
      84
      74
      70
      78
      93
      79
      77
      71
      85
      78
      78
      75
      78
      73
      70
      82
      66
      72
      81
      82
      75
      85
      85
      97
      57
      91
     102
      89
      81
      78
      92
      80
      78
      87
     101
      90
      71
      85
      67
      77
      88
      73
      82
      84
      83
      78
      88
      85
      77
      80
      83
      94
      73
      80
      81
      79
      76
      87
      91
      85
      86
      81
      76
      99
      95
      90
      81
      75
      65
      79
      77
      74
      70
      71
      84
      74
      91
      86
      86
      85
      75
      95
      88
      94
      81
      77
      71
      75
      82
      82
      94
      83
      96
      89
      91
      90
      78
      78
      78
      69
      76
      90
      76
      72
      70
      86
      57
     108
     102
      96
      79
     103
      94
      88
      84
     102
      79
      81
      89
      80
      90
      64
      74
      78
      99
      78
      82
      72
      93
      83
      78
      77
      95
      80
      90
      74
      84
      89
     114
      95
      93
      86
      75
      91
      94
      75
      87
      77
      81
      76
      93
      78
      92
      73
      97
      86
      74
      76
      85
      84
     104
      90
      87
      86
     106
      93
      91
      90
      90
      78
      83
      77
      99
      85
      85
      97
      97
      87
      73
      95
      67
      90
      89
      89
      69
      74
     101
      80
      74
      96
      97
      90
      91
      93
      86
      96
      95
     114
      71
      91
      97
      89
      78
      83
      81
      97
      92
      81
      78
      93
      94
      97
      90
      94
      96
      94
      97
      87
      92
      95
      91
      74
      78
      89
      96
     101
      79
      82
     129
      91
      78
     102
      79
      89
      99
     100
     101
      95
      91
      99
      97
     103
      90
      97
     100
      99
     100
     103
     103
      86
      90
     110
     108
     126
     131
     125
     133
     136
      96
      98
      96
      97
      86
     100
      89
     105
     108
      77
     101
      93
      98
     107
     109
      88
     102
      91
      99
      91
      96
      88
     112
     111
      94
     108
      95
      87
      97
      98
     104
     110
      91
      98
      98
     107
      96
     101
      95
      90
      98
      86
     106
     114
     110
     133
     136
     174
     187
     253
     200
     172
     120
     118
      81
      93
      88
     101
      99
     108
     102
      98
      97
      98
     107
     114
      95
      98
      83
     103
     113
     103
      97
     107
     105
     100
     121
     121
     137
     100
     126
      97
     118
     109
     109
     117
     111
     103
     124
      74
     112
      98
     103
     116
      97
     106
     104
     105
     102
     115
     111
     112
     104
     121
     134
     136
     119
     116
      97
     103
      94
     111
      95
     119
      95
      96
     102
     112
     118
      83
      90
      93
      84
      90
     100
     109
      98
      97
      97
     100
      77
      68
      79
      80
      71
      63
      86
      92
      78
      86
      90
      76
      73
      72
      71
      77
      92
      76
      57
      66
      59
      59
      73
      74
      79
      59
      72
      63
      71
      78
      76
      73
      79
      76
      60
      70
      72
      69
      76
      75
      62
      75
      78
      70
      74
      62
      80
      71
      68
      78
      65
      69
      60
      53
      72
      84
      65
      85
      76
      62
      69
      62
      61
      71
      56
      69
      67
      51
      55
      58
      78
      59
      66
      73
      68
      51
      66
      53
      69
      73
      68
      57
      69
      75
      69
      69
      51
      71
      67
      59
      59
      70
      56
      68
      67
      66
      63
      47
      53
      66
      46
      61
      53
      75
      50
      50
      63
      69
      45
      64
      60
      68
      59
      63
      55
      72
      51
      64
      62
      56
      64
      62
      57
      52
      50
      73
      71
      52
      63
      56
      58
      59
      64
      45
      79
      69
      56
      62
      53
      47
      59
      66
      59
      52
      53
      51
      58
      55
      56
      40
      36
      66
      49
      42
      50
      54
      68
      64
      43
      55
      58
      51
      57
      45
      67
      63
      48
      48
      68
      44
      57
      52
      43
      55
      46
      55
      53
      52
      53
      69
      60
      73
     101
      77
      70
      52
      56
      50
      54
      56
      42
      57
      57
      49
      37
      33
      47
      41
      46
      42
      34
      48
      46
      55
      60
      43
      34
      52
      43
      45
      47
      37
      48
      40
      51
      30
      43
      49
      36
      42
      35
      32
      33
      47
      41
      36
      40
      54
      42
      36
      45
      53
      49
      36
      43
      41
      45
      57
      40
      40
      35
      33
      41
      36
      48
      39
      43
      30
      40
      36
      51
      31
      32
      45
      42
      35
      40
      47
      36
      31
      31
      40
      33
      39
      35
      36
      30
      47
      32
      50
      37
      37
      38
      38
      49
      49
      53
      47
      56
      44
      36
      39
      48
      34
      40
      39
      37
      33
      35
      30
      39
      27
      30
      37
      30
      47
      26
      39
      41
      44
      41
      38
      48
      61
      72
     101
     111
      69
      82
      43
      51
      33
      35
      34
      30
      39
      35
      28
      33
      31
      38
      38
      36
      37
      32
      36
      32
      32
      39
      42
      38
      44
      37
      36
      31
      37
      33
      33
      37
      29
      29
      38
      27
      35
      31
      48
      38
      38
      27
      23
      35
      40
      36
      34
      41
      39
      36
      38
      37
      31
      35
      34
      35
      34
      28
      37
      30
      43
      29
      36
      28
      37
      35
      33
      35
      37
      40
      24
      32
      33
      36
      36
      34
      46
      34
      34
      32
      33
      31
      33
      28
      47
      43
      37
      33
      35
      30
      33
      36
      40
      37
      41
      41
      41
      48
      41
      41
      39
      31
      36
      26
      35
      32
      27
      33
      26
      37
      42
      23
      30
      31
      32
      35
      35
      35
      37
      40
      32
      48
      39
      28
      27
      22
      37
      40
      40
      22
      21
      40
      38
      39
      28
      31
      33
      36
      31
      30
      51
      26
      35
      43
      37
      39
      33
      25
      32
      33
      31
      33
      31
      32
      41
      37
      39
      43
      51
      62
      71
     102
     282
     655
    1206
    1911
    2332
    2299
    1554
     864
     367
     147
      56
      41
      27
      30
      34
      24
      30
      38
      31
      21
      29
      22
      44
      47
      46
      68
      53
      49
      40
      21
      25
      27
      21
      20
      25
      32
      28
      29
      34
      34
      28
      45
      36
      22
      30
      25
      23
      24
      26
      30
      30
      25
      26
      39
      18
      27
      31
      33
      23
      22
      27
      25
      30
      32
      23
      23
      24
      28
      29
      25
      24
      20
      29
      36
      35
      26
      35
      47
      43
      24
      31
      40
      31
      33
      19
      27
      34
      22
      25
      40
      48
      39
      60
      34
      32
      27
      25
      27
      42
      23
      25
      30
      24
      17
      24
      37
      31
      25
      31
      37
      28
      27
      25
      34
      25
      30
      20
      20
      14
      22
      22
      23
      26
      34
      20
      20
      20
      23
      24
      26
      24
      28
      25
      40
      30
      16
      29
      27
      36
      20
      31
      28
      28
      21
      21
      25
      15
      35
      26
      23
      25
      32
      23
      26
      31
      25
      12
      30
      23
      23
      26
      23
      24
      22
      29
      30
      31
      31
      29
      20
      26
      25
      33
      27
      30
      22
      27
      44
      17
      40
      24
      25
      22
      22
      30
      19
      18
      19
      29
      24
      22
      25
      19
      25
      21
      38
      16
      20
      22
      21
      21
      26
      19
      29
      31
      30
      39
      54
     104
     144
     160
     142
     101
      67
      42
      32
      23
      18
      20
      17
      17
      23
      27
      25
      19
      17
      26
      34
      18
      24
      23
      19
      22
      30
      23
      24
      24
      27
      23
      25
      17
      23
      29
      20
      23
      25
      27
      25
      30
      26
      20
      19
      25
      26
      32
      25
      23
      15
      23
      27
      20
      33
      29
      22
      23
      21
      26
      26
      24
      29
      23
      23
      29
      24
      30
      27
      16
      21
      25
      23
      25
      38
      33
      27
      25
      22
      27
      21
      30
      32
      31
      31
      31
      16
      29
      34
      29
      19
      25
      33
      25
      27
      17
      20
      21
      19
      16
      19
      20
      26
      26
      30
      32
      28
      34
      23
      25
      27
      34
      40
      29
      34
      28
      25
      23
      23
      26
      27
      34
      23
      22
      28
      26
      16
      22
      27
      22
      30
      16
      32
      21
      23
      23
      14
      26
      24
      15
      24
      18
      27
      20
      26
      26
      28
      26
      19
      18
      20
      28
      18
      18
      22
      14
      18
      19
      20
      30
      19
      22
      29
      31
      28
      24
      15
      26
      18
      19
      29
      25
      21
      16
      22
      31
      27
      22
      24
      28
      21
      25
      16
      17
      14
      29
      19
      17
      22
      15
      23
      20
      21
      26
      17
      14
      22
      14
      26
      22
      20
      27
      20
      18
      23
      16
      24
      23
      21
      13
      22
       8
      21
      27
      25
      15
      11
      21
      21
      24
      18
      12
      25
      20
      20
      13
      20
      14
      28
      30
      17
      18
      17
      18
      19
      20
      22
      26
      23
      20
      21
      12
      22
      19
      17
      17
      17
      18
      14
      18
      24
      17
      20
      24
      14
      18
      28
      23
      19
      19
      17
      23
      23
      14
      22
      16
      14
      28
      11
      19
      23
      20
      21
      23
      28
      29
      23
      30
      28
      25
      18
      22
      22
      15
      22
      18
      23
      14
      21
      25
      19
      25
      23
      26
      28
      25
      23
      31
      20
      14
      27
      26
      39
      25
      24
      23
      21
      22
      16
      19
      16
      25
      13
      22
      23
      20
      21
      17
      21
      17
      20
      19
      21
      13
      25
      24
      35
      29
      18
      15
      28
      24
      19
      20
      25
      20
      19
      20
      17
      15
      27
      16
      20
      15
      23
      23
      20
      19
      20
      19
      14
      29
      20
      15
      17
      26
      16
      24
      25
      17
      24
      23
      24
      20
      14
      22
      19
      26
      27
      23
      22
      18
      26
      21
      18
      13
      24
      37
      16
      20
      23
      22
      29
      22
      20
      21
      13
      18
      21
      24
      14
      19
      22
      27
      21
      21
      18
      31
      15
      15
      17
      25
      14
      25
      27
      29
      52
      67
      99
      96
     112
      80
      51
      29
      28
      24
      21
      16
      19
      26
      18
      17
      10
      20
      16
      19
      18
      16
      13
      21
      21
      25
      22
      16
      23
      21
      16
      30
      26
      30
      18
      20
      17
      21
      28
      26
      19
      25
      19
      23
      22
      26
      19
      22
      20
      22
      28
      17
      18
      21
      18
      22
      18
      17
      20
      11
      24
      17
      14
      16
      22
      16
      17
      13
      18
      27
      32
      14
      13
      16
      15
      20
      20
      27
      29
      28
      19
      24
      21
      16
      19
      25
      24
      17
      16
      20
      21
      21
      14
      17
      18
      23
      29
      17
      16
      21
      27
      16
      25
      20
      19
      29
      15
      17
      15
      13
      23
      15
      22
      14
      15
      17
      23
      13
      27
      23
      23
      18
      18
      25
      19
      20
      26
      20
      20
      17
      22
      30
      20
      19
      16
      22
      16
      19
      30
      25
      24
      21
      19
      20
      16
      20
      19
      17
      22
      16
      19
      13
      16
      18
      11
      18
      13
      18
      22
      21
      17
      16
      20
      17
      20
      32
      16
      22
      21
      23
      12
      24
      16
      18
      21
       8
      19
      14
      30
      16
      21
      16
      17
      18
      16
      18
      20
      21
      18
      13
      28
      19
      27
      29
      31
      30
      45
      57
      73
     104
     214
     280
     375
     379
     275
     199
     129
      66
      39
      28
      18
      20
      27
      26
      22
      24
      24
      32
      23
      19
      18
      24
      30
      25
      18
      19
      27
      24
      18
      26
      26
      23
      26
      20
      25
      26
      23
      27
      24
      16
      29
      24
      23
      22
      28
      23
      23
      25
      22
      26
      26
      15
      20
      31
      16
      18
      24
      24
      24
      18
      11
      19
      27
      26
      20
      19
      21
      28
      22
      21
      28
      38
      61
      89
     110
     131
     134
      85
      60
      31
      23
      22
      32
      21
      16
      22
      28
      25
      27
      24
      25
      22
      26
      25
      20
      25
      22
      32
      24
      23
      16
      28
      19
      22
      14
      22
      24
      22
      18
      20
      22
      16
      32
      25
      24
      33
      25
      24
      24
      26
      22
      25
      27
      28
      20
      15
      23
      29
      24
      26
      25
      28
      22
      23
      33
      24
      23
      25
      26
      20
      31
      24
      19
      28
      21
      24
      21
      29
      18
      14
      16
      22
      24
      22
      30
      26
      24
      22
      22
      26
      17
      20
      24
      26
      28
      19
      18
      25
      13
      19
      16
      20
      27
      22
      25
      20
      21
      20
      19
      22
      26
      22
      21
      22
      18
      19
      20
      18
      24
      21
      22
      32
      24
      20
      30
      16
      18
      24
      22
      22
      31
      20
      22
      20
      22
      18
      19
      15
      18
      21
      24
      20
      29
      24
      33
      22
      25
      35
      24
      16
      25
      29
      23
      23
      18
      20
      36
      23
      15
      20
      23
      19
      30
      23
      29
      23
      17
      23
      25
      16
      20
      20
      20
      22
      26
      16
      23
      33
      24
      24
      31
      28
      19
      23
      21
      31
      26
      27
      25
      26
      41
      37
      35
      24
      26
      25
      24
       9
      28
      24
      25
      23
      24
      22
      21
      22
      21
      20
      23
      20
      19
      19
      21
      31
      23
      27
      28
      21
      31
      18
      25
      15
      26
      20
      18
      21
      21
      27
      15
      19
      18
       8
      24
      24
      19
      36
      34
      34
      21
      18
      27
      20
      22
      24
      26
      27
      23
      22
      20
      23
      29
      27
      20
      15
      22
      20
      27
      29
      18
      21
      24
      21
      15
      19
      23
      26
      23
      30
      29
      28
      17
      17
      22
      23
      22
      25
      20
      17
      28
      28
      22
      25
      28
      30
      26
      29
      25
      25
      27
      19
      18
      27
      25
      27
      34
      30
      16
      18
      22
      21
      19
      24
      20
      25
      16
      17
      22
      27
      32
      17
      25
      15
      26
      30
      18
      21
      25
      33
      19
      16
      21
      26
      24
      22
      16
      31
      25
      28
      12
      30
      24
      35
      14
      28
      26
      28
      24
      19
      27
      30
      24
      22
      23
      26
      24
      33
      19
      28
      21
      29
      28
      30
      21
      23
      25
      18
      34
      18
      24
      19
      30
      28
      22
      19
      29
      13
      26
      14
      28
      26
      23
      25
      23
      30
      28
      20
      23
      28
      18
      22
      29
      22
      25
      26
      28
      21
      25
      26
      31
      24
      25
      21
      18
      21
      19
      31
      18
      16
       9
      27
      19
      19
      27
      26
      34
      17
      27
      20
      27
      20
      31
      23
      16
      28
      20
      22
      29
      32
      23
      32
      22
      23
      19
      31
      27
      27
      25
      24
      26
      14
      29
      21
      16
      25
      20
      19
      24
      18
      15
      25
      20
      28
      27
      28
      22
      21
      19
      19
      22
      29
      20
      25
      21
      30
      30
      33
      28
      25
      26
      22
      19
      20
      17
      29
      23
      28
      31
      22
      25
      16
      24
      16
      16
      28
      23
      24
      20
      15
      22
      22
      20
      16
      24
      20
      23
      23
      27
      20
      29
      35
      13
      26
      33
      17
      31
      17
      18
      23
      29
      21
      26
      28
      37
      17
      20
      25
      28
      19
      27
      24
      25
      18
      19
      27
      29
      23
      16
      20
      20
      29
      17
      22
      19
      17
      17
      25
      22
      22
      18
      21
      23
      19
      25
      24
      24
      24
      26
      26
      23
      18
      21
      18
      30
      21
      24
      29
      21
      31
      26
      23
      23
      24
      18
      27
      25
      23
      23
      20
      26
      25
      25
      23
      24
      28
      24
      23
      25
      29
      21
      19
      28
      34
      22
      36
      21
      21
      21
      16
      15
      29
      22
      27
      27
      35
      21
      12
      26
      21
      15
      18
      19
      19
      24
      18
      25
      30
      18
      22
      25
      17
      28
      28
      31
      15
      18
      21
      24
      21
      27
      29
      24
      33
      25
      23
      25
      27
      25
      23
      21
      15
      20
      34
      22
      24
      28
      22
      22
      18
      28
      22
      19
      25
      22
      25
      23
      26
      21
      23
      25
      21
      11
      26
      20
      32
      20
      22
      28
      30
      19
      23
      17
      25
      27
      24
      19
      21
      15
      17
      16
      24
      28
      22
      20
      32
      26
      22
      18
      16
      27
      18
      21
      23
      17
      26
      25
      23
      12
      22
      25
      28
      17
      16
      30
      21
      19
      16
      24
      27
      24
      25
      37
      15
      24
      21
      17
      20
      17
      28
      20
      18
      15
      24
      24
      21
      14
      24
      22
      26
      31
      24
      22
      27
      21
      13
      22
      21
      23
      21
      25
      22
      22
      28
      20
      17
      24
      24
      21
      21
      15
      16
      18
      15
      26
      16
      21
      27
      23
      17
      21
      21
      19
      21
      10
      26
      25
      22
      24
      18
      22
      23
      18
      21
      24
      26
      21
      34
      24
      18
      18
      24
      18
      25
      20
      25
      27
      23
      31
      25
      28
      26
      29
      16
      19
      20
      24
      21
      18
      17
      14
      21
      31
      21
      23
      25
      37
      18
      28
      26
      24
      28
      23
      31
      16
      30
      38
      25
      38
      28
      22
      27
      21
      26
      21
      22
      23
      17
      19
      23
      24
      27
      22
      23
      20
      16
      15
      19
      17
      16
      21
      16
      18
      21
      22
      16
      23
      21
      33
      20
      23
      20
      29
      17
      13
      26
      19
      23
      21
      15
      21
      23
      19
      20
      19
      18
      27
      18
      20
      26
      21
      23
      22
      25
      28
      21
      24
      21
      21
      10
      23
      23
      18
      25
      27
      16
      10
      22
      21
      20
      19
      21
      14
      22
      20
      21
      25
      29
      17
      24
      16
      17
      17
      21
      18
      14
      15
      26
      19
      16
      24
      22
      22
      21
      24
      24
      18
      22
      28
      21
      15
      30
      27
      37
      72
      69
      98
      94
      70
      58
      43
      24
      25
      21
      24
      19
      21
      22
      26
      19
      26
      17
      20
      11
      26
      22
      21
      22
      15
      23
      23
      12
      29
      25
      20
      15
      20
      28
      28
      24
      19
      25
      15
      20
      23
      24
      23
      28
      19
      19
      20
      13
      17
      21
      27
      31
      19
      25
      17
      14
      29
      24
      16
      13
      25
      19
      19
      23
      17
      23
      27
      18
      27
      20
      18
      25
      24
      13
      17
      29
      20
      28
      26
      34
      25
      38
      19
      23
      52
      49
      43
      38
      30
      27
      26
      23
      27
      20
      27
      25
      21
      22
      14
      23
      18
      24
      13
      27
      23
      19
      23
      23
      22
      19
      23
      18
      24
      17
      19
      19
      18
      21
      21
      15
      20
      25
      21
      14
      21
      33
      19
      30
      26
      22
      29
      21
      23
      21
      16
      24
      12
      33
      14
      22
      13
      25
      23
      15
      25
      25
      19
      24
      30
      16
      16
      19
      20
      18
      19
      13
      22
      24
      19
      30
      27
      20
      23
      35
      26
      45
      56
      82
      98
     119
     141
     186
     159
     130
     101
      89
      65
      47
      27
      41
      22
      22
      22
      28
      18
      22
      15
      20
      19
      18
      23
      21
      19
      19
      16
      21
      26
      32
      21
      23
      15
      20
      22
      29
      24
      21
      22
      25
      23
      27
      17
      27
      26
      20
      21
      16
      18
      17
      36
      25
      23
      23
      22
      20
      20
      22
      25
      15
      28
      30
      23
      21
      32
      21
      24
      28
      18
      22
      13
      23
      15
      22
      24
      17
      26
      19
      19
      24
      24
      24
      23
      16
      14
      21
      25
      26
      22
      14
      19
      23
      25
      24
      24
      25
      22
      20
      17
      22
      25
      19
      26
      30
      18
      21
      24
      20
      18
      26
      29
      19
      25
      28
      22
      23
      17
      28
      28
      16
      20
      21
      27
      24
      26
      28
      19
      26
      31
      20
      22
      22
      25
      27
      30
      22
      29
      24
      22
      19
      24
      21
      23
      27
      26
      22
      24
      19
      21
      11
      20
      20
      32
      30
      27
      27
      22
      26
      16
      21
      31
      29
      35
      25
      20
      24
      16
      27
      28
      22
      30
      32
      26
      30
      15
      21
      22
      34
      18
      28
      25
      24
      30
      27
      29
      23
      25
      26
      26
      20
      37
      26
      31
      27
      22
      26
      24
      24
      20
      25
      24
      32
      26
      30
      31
      31
      28
      20
      21
      26
      21
      23
      17
      28
      26
      35
      20
      23
      22
      13
      17
      25
      20
      19
      19
      24
      34
      24
      14
      28
      28
      25
      21
      34
      24
      32
      31
      28
      24
      29
      19
      28
      26
      29
      17
      21
      20
      34
      28
      28
      33
      19
      22
      26
      21
      26
      29
      31
      35
      17
      36
      27
      21
      30
      24
      25
      35
      23
      32
      21
      17
      26
      26
      27
      26
      26
      29
      27
      37
      25
      24
      22
      26
      31
      23
      20
      29
      28
      17
      27
      23
      30
      19
      28
      28
      33
      34
      33
      26
      24
      24
      17
      21
      27
      28
      31
      35
      22
      25
      24
      22
      27
      27
      25
      26
      28
      14
      26
      22
      26
      28
      23
      26
      20
      30
      25
      24
      30
      19
      19
      21
      39
      19
      28
      24
      24
      38
      20
      29
      20
      25
      27
      15
      22
      24
      14
      26
      25
      23
      18
      14
      27
      25
      26
      23
      21
      27
      29
      27
      23
      28
      27
      21
      21
      34
      32
      24
      24
      24
      32
      23
      25
      31
      22
      33
      21
      30
      31
      30
      29
      32
      25
      17
      34
      26
      31
      29
      28
      25
      36
      29
      28
      24
      32
      31
      22
      35
      29
      18
      28
      25
      30
      35
      19
      32
      28
      23
      30
      26
      25
      36
      22
      37
      27
      23
      31
      27
      28
      26
      22
      27
      29
      27
      24
      31
      32
      22
      36
      34
      27
      28
      28
      25
      16
      22
      24
      30
      24
      37
      25
      20
      31
      30
      26
      27
      33
      37
      39
      27
      28
      31
      28
      28
      44
      37
      33
      36
      27
      28
      46
      44
      31
      36
      35
      36
      35
      55
      31
      32
      28
      33
      43
      25
      35
      36
      32
      24
      33
      33
      34
      32
      36
      23
      31
      37
      25
      36
      34
      32
      34
      26
      17
      26
      37
      40
      26
      37
      22
      25
      32
      36
      29
      32
      36
      28
      38
      34
      26
      31
      27
      29
      34
      34
      27
      30
      46
      40
      29
      31
      32
      29
      33
      31
      31
      33
      28
      32
      42
      34
      30
      34
      34
      28
      39
      37
      41
      25
      29
      33
      37
      38
      34
      32
      26
      34
      45
      41
      39
      26
      40
      42
      36
      28
      35
      40
      31
      30
      37
      31
      44
      37
      36
      39
      45
      34
      44
      39
      40
      32
      41
      33
      34
      34
      32
      35
      39
      46
      37
      36
      34
      45
      36
      34
      29
      44
      30
      30
      37
      40
      25
      37
      46
      37
      33
      37
      26
      38
      38
      25
      53
      33
      38
      37
      47
      30
      43
      38
      36
      29
      39
      41
      38
      22
      37
      48
      39
      25
      41
      32
      30
      30
      29
      34
      40
      45
      28
      24
      29
      20
      25
      26
      29
      22
      34
      29
      28
      22
      23
      20
      23
      20
      24
      18
      21
      24
      24
      17
      18
      29
      23
      20
      18
      15
      26
      28
      16
      18
      21
      20
      30
      18
      29
      17
      24
      20
      18
      22
      24
      19
      16
      21
      13
      20
      24
      17
      21
      22
      17
      27
      19
      19
      28
      18
      21
      20
      22
      20
      13
      23
      13
      20
      16
      16
      13
      17
      16
      16
      17
      22
      14
      13
      16
      13
      12
      16
      19
      20
      20
      22
      15
      19
      19
      21
      15
      22
      17
      15
      22
      16
      18
      15
      23
      25
      13
      21
      14
      20
      28
      16
      20
      20
      16
      23
      15
      12
      23
      14
      20
      21
      17
      21
      18
      13
      16
      13
      11
      21
      16
      21
      12
      25
      18
      16
      13
      15
      17
      19
      21
      19
      17
      15
      13
      23
      16
      10
      25
      13
      17
      17
      20
      14
      12
      16
      16
      22
      20
      13
      10
      18
      15
      15
      11
      18
      17
      20
      18
      15
      16
      17
      11
       9
      12
      15
      14
      13
      16
      11
      14
       9
      12
      14
      13
      12
      21
      22
      16
      20
      17
      17
      12
      17
      22
       7
      21
      19
      17
      13
      11
      12
      11
      16
       7
      22
      11
      13
      13
       7
      19
      16
      11
      25
      20
      27
      17
      23
      19
      15
       9
      12
      13
      11
      13
      11
      12
      16
       9
      11
      15
      10
      15
      10
      11
      11
       7
      11
       7
       9
      10
      11
      11
       6
      10
       8
      13
       9
       6
      10
       7
      11
      12
      13
      10
       6
       2
       8
       9
      17
       8
      10
      10
      12
       3
      11
       7
       8
       9
      12
      12
       7
       7
       8
      14
       6
       5
       4
      17
       5
       5
      10
      11
       7
       6
       9
       8
       8
       6
       5
       3
       1
      10
       7
      10
      13
      11
       6
      10
       7
       9
       4
       4
       4
       9
       5
       6
       9
       5
       8
       6
       2
       7
       8
       6
       7
       9
       8
       8
       6
       9
       3
       6
       9
       4
       6
       6
       2
       4
       4
       3
       5
       4
       5
       3
       3
       5
       6
       6
       4
       9
       4
       2
       4
       2
       6
       6
       6
       6
       5
       6
       5
       1
       2
       5
       4
       4
       6
       5
       4
       3
       5
       6
       8
       6
       3
       5
       2
       4
      10
       6
       3
       4
       4
       4
       1
       4
       3
       4
       4
       5
       3
       4
       4
       7
      10
       4
       6
       6
       3
       2
       2
       5
       5
       4
       2
       1
       9
       5
       5
       2
       3
       3
       5
       2
       7
       3
       1
       5
       4
       3
       3
       4
       4
       5
       4
       4
       4
       6
       2
       8
      10
       3
       2
       5
       2
       5
       2
       3
       4
       5
       3
       6
       3
       9
       5
       1
       3
       2
       3
       5
       5
       6
       4
       8
       1
       6
       5
       1
       1
       2
       4
       3
       3
       2
       3
       2
       6
       5
       7
       7
       4
       2
       1
       6
       6
       4
       6
       9
       3
       7
       2
       7
       3
       3
       6
       6
       4
       8
       3
       2
       2
       4
       3
       4
       6
       4
       6
       3
       4
       4
       4
       7
       5
       4
       4
       4
       6
       7
       3
       4
       5
       7
       7
       5
       6
       2
       2
       9
       6
       6
       2
       8
      11
       8
       6
       4
       5
      11
      15
      36
      55
     113
     233
     407
     583
     737
     874
     777
     630
     430
     213
     120
      56
      24
      11
       5
       4
       3
       4
       3
       4
       0
       1
       3
       3
       1
       3
       1
       2
       4
       2
       1
       2
       5
       2
       2
       3
       1
       3
       1
       0
       2
       2
       1
       2
       0
       1
       1
       1
       2
       0
       2
       1
       5
       1
       1
       1
       0
       1
       3
       1
       0
       1
       3
       1
       2
       0
       0
       2
       0
       0
       1
       0
       1
       2
       0
       4
       1
       0
       3
       3
       2
       1
       2
       1
       3
       2
       3
       1
       1
       1
       2
       1
       0
       1
       1
       0
       2
       0
       2
       4
       4
       1
       3
       1
       2
       1
       0
       1
       1
       0
       2
       1
       5
       2
       0
       2
       0
       2
       2
       1
       1
       0
       0
       2
       1
       0
       0
       2
       4
       0
       3
       2
       0
       2
       1
       3
       1
       1
       0
       2
       0
       0
       3
       1
       0
       2
       0
       5
       0
       3
       2
       2
       1
       0
       2
       0
       2
       1
       1
       2
       0
       4
       2
       0
       0
       0
       0
       1
       3
       2
       0
       2
       0
       3
       0
       1
       1
       0
       6
       2
       1
       2
       2
       0
       1
       1
       1
       1
       0
       2
       2
       1
       0
       1
       1
       1
       0
       0
       2
       2
       1
       2
       1
       1
       1
       2
       2
       4
       0
       2
       1
       2
       1
       1
       1
       1
       0
       2
       2
       0
       2
       0
       0
       1
       1
       1
       0
       2
       1
       0
       1
       2
       0
       2
       1
       1
       0
       1
       2
       1
       4
       1
       2
       1
       0
       1
       2
       1
       1
       1
       0
       3
       1
       5
       1
       2
       1
       4
       1
       2
       1
       1
       0
       1
       0
       2
       2
       2
       1
       1
       4
       0
       0
       1
       0
       1
       1
       0
       0
       0
       3
       2
       1
       1
       0
       1
       0
       0
       1
       1
       2
       2
       0
       2
       1
       0
       0
       0
       0
       1
       2
       1
       1
       1
       0
       2
       1
       0
       0
       1
       3
       0
       2
       2
       1
       0
       2
       1
       1
       1
       1
       1
       0
       2
       0
       1
       0
       0
       0
       1
       0
       3
       0
       0
       0
       2
       1
       2
       1
       1
       2
       0
       2
       0
       0
       0
       3
       2
       1
       2
       0
       0
       1
       0
       1
       1
       1
       2
       3
       1
       0
       2
       4
       1
       3
       0
       2
       1
       2
       2
       2
       0
       1
       1
       1
       2
       1
       0
       1
       1
       0
       1
       0
       2
       0
       0
       0
       0
       0
       4
       0
       3
       1
       4
       1
       1
       1
       0
       2
       3
       2
       3
       2
       0
       1
       1
       2
       1
       1
       1
       0
       1
       1
       0
       0
       1
       2
       3
       0
       1
       1
       0
       1
       0
       2
       1
       3
       1
       1
       1
       2
       3
       0
       2
       2
       4
       1
       0
       2
       1
       0
       1
       2
       0
       3
       1
       1
       0
       0
       0
       5
       2
       1
       0
       2
       2
       2
       0
       0
       3
       3
       2
       1
       0
       1
       1
       1
       1
       1
       2
       2
       0
       0
       0
       3
       0
       0
       1
       3
       0
       1
       0
       2
       0
       2
       0
       1
       2
       2
       0
       0
       1
       1
       2
       0
       4
       1
       2
       1
       2
       1
       2
       4
       1
       1
       0
       1
       1
       1
       2
       0
       1
       1
       1
       0
       2
       2
       1
       1
       2
       1
       1
       2
       0
       1
       0
       0
       0
       1
       0
       0
       0
       3
       2
       1
       0
       0
       0
       1
       0
       3
       2
       0
       0
       1
       0
       2
       0
       0
       3
       3
       1
       0
       2
       0
       1
       1
       2
       1
       1
       2
       2
       1
       0
       0
       2
       1
       2
       0
       0
       1
       0
       0
       2
       0
       1
       2
       3
       0
       1
       2
       1
       0
       0
       0
       2
       0
       2
       3
       0
       1
       1
       1
       3
       0
       1
       0
       1
       0
       1
       1
       1
       1
       3
       2
       0
       4
       2
       1
       0
       1
       0
       1
       2
       3
       1
       1
       1
       1
       0
       1
       0
       1
       0
       0
       1
       1
       1
       0
       0
       0
       1
       1
       3
       1
       0
       1
       1
       2
       2
       1
       0
       2
       0
       0
       1
       1
       0
       1
       1
       1
       0
       1
       2
       0
       2
       3
       2
       1
       0
       1
       1
       0
       2
       1
       2
       1
       2
       0
       0
       2
       1
       1
       0
       1
       1
       2
       1
       0
       1
       2
       0
       1
       0
       0
       1
       0
       0
       3
       0
       0
       1
       0
       2
       1
       1
       1
       0
       0
       4
       1
       0
       0
       2
       1
       4
       1
       0
       4
       0
       1
       2
       0
       1
       0
       1
       1
       0
       0
       0
       1
       0
       3
       1
       0
       2
       0
       0
       2
       0
       1
       0
       4
       0
       1
       0
       0
       2
       1
       2
       3
       0
       1
       3
       0
       1
       3
       0
       1
       0
       1
       0
       1
       1
       0
       1
       1
       1
       0
       3
       2
       1
       2
       1
       1
       0
       2
       3
       0
       1
       2
       0
       2
       0
       2
       2
       4
       4
       1
       0
       5
       2
       1
       1
       0
       2
       0
       1
       0
       0
       1
       0
       2
       1
       0
       0
       2
       0
       0
       3
       2
       2
       0
       0
       0
       3
       2
       1
       0
       2
       1
       1
       1
       2
       0
       1
       2
       0
       1
       1
       1
       1
       1
       0
       1
       1
       1
       1
       3
       1
       0
       0
       0
       1
       0
       0
       1
       0
       0
       0
       1
       0
       0
       2
       2
       3
       0
       1
       2
       1
       1
       1
       1
       1
       1
       0
       1
       4
       2
       0
       2
       1
       1
       0
       1
       1
       0
       2
       2
       1
       3
       0
       1
       1
       2
       1
       2
       1
       0
       1
       2
       3
       4
       1
       3
       2
       1
       1
       0
       0
       0
       0
       3
       0
       2
       0
       1
       2
       2
       1
       0
       1
       1
       0
       1
       4
       0
       2
       3
       2
       0
       0
       0
       1
       1
       0
       0
       0
       0
       0
       1
       2
       1
       3
       2
       0
       1
       1
       1
       1
       0
       0
       1
       2
       1
       0
       2
       2
       0
       0
       0
       0
       0
       1
       3
       1
       1
       2
       1
       0
       2
       2
       2
       0
       0
       2
       1
       1
       3
       0
       1
       1
       1
       0
       1
       2
       0
       1
       1
       1
       0
       0
       0
       2
       1
       1
       2
       0
       1
       1
       1
       0
       1
       0
       0
       0
       0
       0
       4
       1
       0
       0
       3
       0
       2
       0
       2
       2
       0
       0
       0
       1
       0
       1
       1
       0
       1
       2
       0
       1
       0
       2
       0
       1
       3
       1
       2
       2
       0
       1
       1
       1
       3
       1
       0
       0
       1
       0
       0
       0
       0
       1
       3
       0
       3
       1
       0
       0
       1
       0
       3
       1
       0
       0
       2
       1
       0
       1
       0
       1
       2
       4
       0
       0
       1
       1
       3
       0
       1
       3
       0
       0
       0
       0
       1
       1
       1
       0
       0
       0
       1
       0
       2
       0
       1
       3
       0
       2
       3
       2
       1
       1
       2
       2
       0
       0
       1
       0
       0
       0
       0
       2
       2
       0
       1
       0
       0
       0
       2
       2
       1
       1
       1
       0
       0
       0
       0
       1
       0
       2
       0
       0
       2
       2
       0
       1
       2
       1
       0
       0
       2
       1
       0
       0
       0
       0
       0
       1
       1
       0
       1
       2
       1
       0
       1
       2
       0
       0
       0
       0
       0
       0
       1
       2
       0
       1
       0
       0
       1
       1
       0
       2
       0
       0
       1
       0
       3
       2
       0
       0
       1
       2
       0
       2
       3
       0
       1
       1
       0
       2
       1
       0
       0
       0
       0
       2
       0
       1
       1
       1
       0
       0
       1
       2
       0
       0
       1
       0
       1
       1
       1
       0
       1
       0
       0
       0
       1
       0
       0
       0
       0
       1
       1
       0
       1
       0
       1
       0
       1
       3
       2
       0
       1
       0
       1
       1
       0
       1
       2
       1
       0
       1
       4
       2
       0
       1
       1
       0
       0
       0
       0
       2
       0
       0
       3
       0
       0
       1
       1
       0
       2
       1
       2
       3
       0
       1
       1
       1
       0
       2
       0
       2
       0
       2
       0
       2
       2
       1
       1
       3
       2
       0
       0
       2
       1
       0
       1
       0
       0
       2
       2
       0
       1
       1
       0
       2
       2
       1
       1
       0
       2
       1
       0
       3
       1
       0
       1
       0
       2
       0
       2
       4
       2
       1
       0
       1
       0
       2
       0
       0
       1
       0
       0
       0
       0
       0
       1
       0
       0
       0
       0
       1
       2
       0
       0
       0
       0
       3
       0
       2
       2
       2
       0
       0
       0
       0
       2
       0
       1
       0
       2
       0
       1
       0
       1
       1
       1
       0
       2
       2
       2
       1
       0
       1
       0
       2
       0
       0
       1
       2
       2
       1
       1
       0
       0
       1
       2
       0
       1
       1
       0
       1
       0
       0
       0
       0
       1
       1
       0
       0
       0
       3
       1
       0
       1
       1
       0
       1
       5
       0
       0
       2
       2
       1
       0
       1
       1
       1
       1
       1
       0
       0
       0
       1
       0
       0
       1
       0
       0
       1
       1
       1
       0
       0
       0
       0
       3
       0
       0
       0
       0
       0
       1
       0
       1
       0
       0
       1
       2
       0
       0
       1
       0
       0
       2
       1
       1
       0
       4
       1
       0
       1
       2
       2
       1
       2
       1
       1
       0
       0
       1
       1
       1
       0
       0
       2
       1
       0
       0
       2
       2
       1
       0
       0
       0
       1
       0
       1
       0
       1
       0
       3
       2
       2
       0
       0
       2
       1
       1
       2
       0
       0
       0
       2
       1
       0
       0
       0
       1
       2
       0
       0
       3
       0
       0
       0
       3
       1
       0
       1
       0
       0
       1
       6
       0
       0
       1
       0
       1
       0
       0
       1
       1
       1
       2
       1
       0
       1
       1
       1
       0
       0
       0
       0
       1
       1
       0
       0
       1
       0
       1
       1
       0
       0
       0
       0
       1
       0
       0
       1
       1
       1
       1
       1
       2
       0
       0
       0
       1
       1
       0
       1
       0
       0
       0
       0
       0
       0
       2
       0
       0
       1
       0
       0
       1
       1
       1
       0
       0
       0
       0
       0
       0
       1
       1
       1
       0
       1
       1
       0
       1
       2
       0
       2
       1
       0
       0
       2
       0
       0
       0
       1
       1
       0
       2
       0
       0
       1
       0
       0
       0
       0
       0
       0
       1
       1
       0
       1
       1
       2
       1
       1
       0
       0
       1
       3
       0
       0
       1
       2
       0
       0
       0
       0
       0
       1
       0
       0
       1
       0
       0
       1
       2
       1
       0
       0
       2
       1
       0
       2
       1
       0
       1
       0
       0
       1
       1
       0
       2
       0
       1
       1
       0
       0
       1
       0
       0
       1
       2
       2
       1
       0
       0
       0
       0
       1
       0
       2
       1
       2
       0
       0
       0
       1
       1
       3
       1
       0
       0
       0
       0
       0
       0
       0
       0
       0
       0
       1
       0
       0
       0
       0
       0
       3
       1
       0
       1
       2
       0
       0
       1
       0
       0
       0
       0
       0
       1
       0
       0
       0
       1
       0
       2
       0
       0
       0
       0
       0
       1
       1
       1
       0
       1
       1
       0
       2
       3
       0
       0
       1
       0
       0
       1
       0
       1
       0
       0
       0
       2
       2
       1
       2
       1
       1
       1
       0
       0
       0
       2
       1
       1
       0
       1
       0
       1
       3
       0
       0
       0
       1
       1
       2
       0
       2
       0
       0
       0
       2
       1
       0
       1
       0
       3
       1
       1
       1
       1
       1
       1
       0
       0
       0
       1
       3
       1
       0
       0
       0
       0
       2
       0
       0
       0
       0
       0
       2
       1
       2
       1
       0
       1
       0
       1
       0
       1
       0
       1
       0
       0
       1
       0
       0
       1
       0
       0
       0
       1
       0
       0
       0
       0
       1
       2
       1
       0
       3
       0
       0
       0
       3
       0
       1
       0
       0
       1
       0
       0
       0
       1
       2
       0
       0
       1
       0
       0
       3
       2
       0
       0
       1
       0
       1
       0
       0
       0
       0
       0
       0
       2
       0
       1
       0
       0
       2
       0
       0
       0
       0
       1
       0
       0
       2
       0
       0
       0
       2
       1
       1
       0
       0
       1
       2
       0
       1
       0
       0
       0
       0
       1
       0
       0
       0
       0
       2
       1
       0
       0
       0
       0
       0
       0
       0
       0
       0
       1
       0
       1
       3
       0
       1
       1
       1
       2
       0
       3
       2
       0
       0
       0
       0
       0
       2
       1
       0
       3
       0
       0
       3
       2
       1
       0
       0
       0
       0
       0
       0
       0
       0
       0
       0
       0
       0
       0
       0
       0
       0
       0
       0
       0
       0
       0
       0
       0
       0
       0
       0
       0
       0
       0
       0
       0
       0
       0
       0
       0
       0
       0
       0
       0
       0
       0
       0
       0
       0
       0
       0
       0
       0
       0
       0
       0
       0
       0
       0
       0
       0
       0
       0
       0
       0
       0
       0
       0
       0
       0
       0
       0
       0
       0
       0
       0
       0
       0
       0
       0
       0
       0
       0
       0
       0
       0
       0
       0
       0
       0
       0
       0
       0
       0
       0
       0
       0
       0
       0
       0
       0
       0
       0
       0
       0
       0
       0
       0
       0
       0
       0
       0
       0
       0
       0
       0
       0
       0
       0
       0
       0
       0
       0
       0
       0
       0
       0
       0
       0
       0
       0
       0
       0