$SPEC_ID:
No sample description was entered.
$SPEC_REM:
DET# 1
DETDESC# IPNP-PJF MCB 129
AP# Maestro Version 7.01
$DATE_MEA:
10/31/2018 10:49:54
$MEAS_TIM:
1231 1244
$DATA:
0 8191
       0
       0
       0
       0
       0
       0
       0
       0
       0
       0
       0
       0
       0
       0
       0
       0
       0
       0
       0
       0
       0
       0
       0
       0
       0
       0
       0
       0
       0
       0
       0
       0
       0
       0
       0
       0
       0
       0
       0
       0
       1
       0
       0
       0
       0
       0
       0
       1
      21
      66
     119
     321
     813
     329
     261
     314
     337
     507
     565
     606
     666
     623
     607
     593
     563
     553
     554
     508
     535
     532
     545
     537
     556
     550
     509
     478
     489
     519
     516
     468
     507
     491
     485
     487
     454
     435
     447
     468
     456
     437
     492
     448
     448
     464
     429
     435
     445
     443
     439
     449
     436
     432
     405
     433
     401
     432
     447
     444
     392
     448
     409
     442
     410
     429
     464
     395
     409
     422
     441
     440
     421
     455
     462
     446
     414
     441
     423
     443
     476
     423
     451
     424
     441
     472
     436
     495
     462
     467
     521
     498
     445
     503
     464
     494
     504
     490
     500
     508
     452
     479
     504
     462
     492
     532
     527
     559
     511
     516
     546
     522
     554
     560
     570
     576
     594
     572
     609
     641
     633
     580
     564
     564
     550
     552
     497
     549
     546
     546
     541
     560
     540
     546
     533
     573
     538
     585
     532
     604
     625
     603
     598
     609
     570
     578
     610
     567
     605
     547
     561
     545
     596
     580
     629
     556
     527
     591
     595
     644
     584
     557
     586
     581
     592
     590
     551
     588
     551
     541
     586
     582
     573
     600
     551
     577
     614
     586
     573
     590
     540
     551
     596
     580
     575
     581
     564
     551
     612
     563
     621
     570
     533
     593
     568
     535
     610
     569
     609
     566
     622
     584
     578
     571
     549
     610
     598
     572
     591
     557
     615
     567
     566
     584
     584
     576
     551
     582
     562
     580
     551
     534
     587
     567
     611
     576
     600
     584
     583
     555
     603
     543
     595
     561
     584
     564
     569
     593
     546
     560
     535
     580
     559
     582
     508
     592
     541
     545
     607
     551
     520
     523
     555
     531
     507
     557
     529
     584
     544
     507
     514
     498
     550
     498
     525
     464
     521
     469
     528
     537
     506
     555
     517
     502
     490
     530
     468
     500
     500
     519
     466
     535
     482
     469
     518
     506
     467
     495
     489
     500
     428
     481
     479
     452
     466
     485
     490
     451
     488
     469
     458
     498
     506
     424
     454
     499
     447
     442
     471
     476
     446
     412
     463
     457
     464
     463
     470
     478
     440
     456
     429
     462
     476
     476
     440
     406
     475
     425
     463
     477
     431
     459
     446
     438
     436
     422
     452
     429
     455
     446
     400
     452
     426
     457
     443
     407
     416
     438
     416
     431
     426
     377
     475
     430
     466
     442
     456
     408
     429
     451
     480
     445
     461
     458
     474
     502
     519
     508
     511
     506
     472
     514
     518
     486
     467
     416
     471
     437
     455
     473
     453
     420
     460
     452
     436
     443
     425
     416
     428
     464
     446
     403
     408
     414
     434
     424
     430
     395
     427
     452
     406
     395
     380
     389
     416
     423
     401
     373
     394
     393
     395
     386
     406
     391
     393
     398
     374
     356
     350
     395
     372
     405
     360
     338
     363
     368
     389
     346
     390
     391
     333
     356
     359
     388
     355
     372
     350
     366
     345
     330
     383
     327
     376
     328
     331
     321
     333
     354
     340
     332
     391
     355
     345
     337
     328
     367
     337
     344
     341
     352
     331
     353
     334
     331
     341
     371
     363
     316
     320
     335
     310
     326
     346
     312
     305
     300
     296
     331
     347
     317
     311
     302
     327
     357
     339
     354
     379
     373
     333
     300
     310
     338
     311
     274
     299
     323
     287
     308
     278
     337
     317
     338
     314
     301
     302
     297
     293
     301
     311
     270
     306
     285
     297
     275
     290
     300
     288
     284
     326
     282
     291
     280
     267
     276
     269
     272
     262
     272
     281
     279
     304
     275
     295
     267
     300
     265
     283
     259
     290
     305
     281
     275
     243
     291
     277
     265
     241
     284
     278
     277
     282
     267
     246
     277
     266
     264
     277
     287
     237
     261
     288
     257
     265
     251
     276
     245
     228
     278
     268
     267
     286
     295
     243
     271
     243
     268
     251
     224
     236
     268
     251
     261
     250
     270
     268
     249
     294
     274
     247
     260
     245
     262
     253
     257
     240
     238
     255
     256
     246
     239
     271
     227
     257
     254
     249
     268
     248
     256
     253
     274
     262
     274
     251
     216
     232
     248
     255
     235
     241
     239
     223
     243
     238
     214
     236
     252
     227
     209
     212
     225
     233
     217
     242
     229
     235
     217
     239
     239
     227
     234
     227
     226
     221
     228
     224
     235
     224
     235
     225
     249
     212
     246
     240
     199
     210
     246
     225
     197
     232
     207
     238
     229
     233
     214
     221
     212
     218
     219
     190
     203
     200
     225
     223
     211
     230
     239
     224
     206
     224
     234
     238
     208
     221
     239
     206
     235
     233
     229
     210
     186
     249
     239
     223
     205
     208
     184
     214
     223
     203
     214
     223
     196
     203
     210
     197
     221
     208
     231
     233
     195
     201
     223
     222
     221
     207
     210
     212
     223
     198
     222
     213
     218
     208
     234
     228
     244
     204
     227
     201
     210
     219
     233
     186
     204
     182
     201
     233
     244
     267
     248
     240
     210
     205
     189
     202
     207
     204
     225
     210
     181
     227
     213
     203
     244
     198
     228
     189
     207
     230
     216
     205
     219
     225
     216
     187
     206
     201
     225
     200
     228
     224
     218
     182
     202
     207
     182
     216
     224
     217
     197
     204
     206
     203
     216
     180
     216
     217
     208
     211
     227
     219
     191
     194
     230
     218
     192
     207
     204
     243
     200
     225
     226
     214
     207
     202
     207
     239
     223
     244
     207
     201
     201
     167
     207
     208
     215
     227
     218
     210
     231
     207
     212
     218
     214
     208
     208
     221
     210
     227
     234
     200
     218
     204
     233
     207
     199
     230
     198
     203
     218
     221
     245
     227
     197
     208
     181
     192
     204
     199
     206
     204
     219
     216
     182
     223
     217
     213
     213
     197
     211
     230
     207
     223
     217
     216
     248
     234
     235
     216
     219
     235
     233
     226
     221
     196
     231
     239
     202
     175
     214
     223
     205
     209
     226
     234
     234
     224
     229
     229
     228
     220
     246
     222
     199
     225
     225
     220
     229
     229
     265
     203
     244
     226
     209
     210
     247
     219
     219
     245
     217
     226
     226
     216
     242
     242
     220
     254
     237
     225
     225
     238
     253
     230
     237
     227
     234
     256
     236
     214
     229
     246
     222
     223
     229
     235
     245
     250
     232
     233
     225
     244
     241
     233
     225
     224
     254
     260
     242
     242
     240
     243
     233
     224
     265
     216
     234
     249
     245
     248
     257
     264
     255
     268
     241
     278
     295
     259
     230
     232
     280
     289
     253
     250
     247
     265
     256
     247
     280
     253
     267
     277
     262
     290
     287
     251
     232
     243
     260
     231
     253
     263
     251
     259
     266
     251
     265
     246
     256
     239
     235
     264
     205
     258
     240
     240
     252
     267
     252
     223
     241
     224
     250
     244
     228
     220
     272
     216
     182
     230
     213
     205
     204
     209
     170
     191
     171
     164
     175
     173
     169
     147
     146
     164
     154
     149
     160
     150
     156
     161
     146
     142
     167
     130
     146
     142
     124
     136
     149
     129
     121
     139
     114
     134
     129
     119
     133
     142
     126
     142
     111
     132
     128
     145
     124
     127
     157
     134
     117
     108
     131
     134
     117
     113
     119
     126
     117
     130
     122
     115
     113
     132
     117
     124
     118
     126
     112
     114
     131
     110
     126
     133
     131
     129
     136
     130
     112
     130
     125
     116
     121
      98
     112
     118
      91
     106
      93
     125
     110
     115
     102
     123
     103
      93
     105
     117
     108
     100
     100
     107
      81
     102
      97
      89
      92
      87
     100
      98
      80
      85
     103
      94
      86
     100
      96
      85
      85
     108
      81
      78
      84
      84
      77
     108
      76
      93
      79
      79
      95
      74
      95
     113
      82
      84
      81
      63
      76
      88
      78
      77
      79
      74
      90
      69
      78
      73
      78
      84
      94
      99
      80
      57
      90
      81
      64
      83
      62
      61
      62
      78
      63
      64
      78
      80
      66
      80
      69
      71
      72
      55
      81
      70
      60
      66
      64
      63
      62
      63
      61
      72
      57
      72
      55
      62
      65
      84
      57
      59
      51
      66
      61
      54
      51
      51
      65
      67
      42
      63
      58
      61
      53
      61
      56
      50
      64
      60
      67
      52
      54
      48
      53
      44
      45
      67
      53
      58
      57
      63
      45
      61
      68
      56
      44
      67
      51
      47
      54
      55
      56
      48
      59
      54
      54
      56
      60
      69
      64
      59
      59
      57
      65
      67
      72
      54
      48
      54
      56
      49
      45
      65
      60
      43
      67
      53
      47
      56
      49
      57
      60
      57
      58
      61
      56
      48
      50
      56
      37
      51
      53
      45
      53
      57
      58
      48
      35
      47
      55
      66
      43
      54
      51
      57
      45
      38
      54
      49
      54
      41
      44
      46
      61
      95
     103
     159
     155
     137
      96
      73
      46
      42
      59
      42
      49
      43
      46
      54
      60
      40
      50
      51
      38
      46
      59
      52
      51
      49
      48
      49
      39
      42
      43
      45
      50
      50
      51
      42
      33
      44
      48
      47
      45
      50
      47
      43
      52
      45
      50
      34
      55
      49
      51
      46
      50
      51
      34
      35
      49
      49
      41
      50
      47
      38
      38
      41
      37
      50
      52
      47
      44
      45
      31
      56
      37
      43
      47
      38
      49
      54
      44
      38
      36
      46
      42
      51
      46
      45
      48
      51
      56
      48
      52
      54
      43
      48
      46
      40
      50
      47
      43
      48
      43
      65
      52
      49
      51
      45
      62
      62
      53
      57
      50
      57
      79
      75
     120
     237
     532
    1108
    2520
    4996
    7142
    7588
    5687
    3133
    1401
     657
     296
     154
      95
      63
      37
      30
      29
      25
      31
      22
      29
      22
      21
      25
      17
      18
      27
      13
      27
      28
      15
      22
      29
      20
      21
      20
      23
      22
      30
      25
      21
      21
      20
      19
      16
      17
      27
      29
      20
      23
      21
      21
      13
      31
      22
      27
      16
      12
      21
      25
      28
      18
      21
      17
      31
      18
      24
      14
      18
      14
      24
      15
      21
      20
      19
      16
      11
      29
      19
      19
      25
      24
      17
      15
      16
       9
      24
      23
      19
      22
      17
      17
      28
      15
      19
      19
      20
      16
      21
      19
      18
      21
      10
      20
      20
      21
      22
      15
      28
      24
      20
      17
      16
      12
      21
      18
      23
      12
      17
      21
      20
      20
      21
      21
      17
      11
      18
      25
      19
      18
      21
      32
      21
      17
      26
      22
      24
      16
      11
      15
      14
      12
      15
      22
      13
      20
      21
      13
      12
      21
      24
      16
      28
      26
      20
      11
      15
      23
      17
      26
      13
      26
      24
      24
      20
      19
      14
      25
      19
      15
      17
      18
      19
      25
      17
      20
      13
      13
      21
      16
      18
      19
      19
      15
      18
      27
      28
      26
      15
      21
      16
      26
      18
      20
      18
      18
      13
      16
      14
      20
      17
      17
      11
      18
      18
      19
      18
      23
      21
      18
      20
      12
      17
      11
      17
      12
      14
      14
      16
      22
      25
      20
      17
      19
      13
      19
      14
      20
      13
      11
      16
      20
      18
      15
      19
      20
      15
       9
      21
      21
      32
      27
      28
      34
      31
      19
      26
      19
      20
      12
       8
      12
      18
      20
      17
      20
      20
      15
      14
      14
      25
       9
      16
      22
      13
      24
      24
      14
      15
      13
      15
      26
      18
      11
      12
      21
      18
      19
      17
      15
      27
      11
      18
      21
      19
      21
      14
      17
      22
      12
      19
      18
      10
       8
      21
      21
      18
      22
      17
      15
      10
       7
      13
      15
      19
      24
      19
      15
      17
      19
      16
      20
      15
      13
      19
      13
      20
      22
      13
      22
      13
      27
      15
      12
      14
      15
      25
      18
      16
      18
      22
      12
      18
      16
      19
      24
      14
      16
      23
      14
       8
      14
      12
      16
      20
      18
      21
       6
      16
      10
      16
      11
      12
      14
      13
      17
      20
      17
       8
      21
      15
      14
      15
      18
      13
      20
      20
      13
      15
      22
      18
      17
      21
      19
      16
      18
      16
      18
      13
      15
      16
      15
      16
      21
      18
      15
       7
      14
      19
      13
      10
      22
       7
      23
      10
      11
      11
      14
       9
      18
      26
      11
      26
       9
      18
      15
      23
      13
      19
      14
      21
      13
      10
      16
      16
       8
      14
      13
      18
      16
      19
      20
      17
      19
      14
      19
      14
      27
      11
      19
      18
      12
      11
      20
      15
      19
      15
      14
      13
      22
      14
      11
      11
      16
      12
      27
      14
      17
      11
      16
      14
      13
      15
       8
      16
      13
      11
       7
      14
      15
      14
      13
      29
      12
      18
      15
      14
      20
      22
       9
      11
      16
      18
      12
      13
      18
      11
      20
      18
      14
      19
      16
      11
      16
      13
       9
      17
       9
      17
      16
      15
      11
      13
      10
      16
      16
      14
      13
      16
       9
      17
      13
      13
      12
      15
      18
       8
      19
      14
      17
      15
      26
      13
      20
      10
      16
      15
      13
      14
      15
      17
      10
       8
      11
       7
      11
       7
      12
      22
      15
      15
      15
      14
      18
      15
      19
      12
      10
      13
      14
       9
      18
      18
      17
      16
      23
      13
      19
      12
      14
       9
      17
      19
      19
      11
      19
      20
      10
      20
      18
      26
      31
      27
      28
      18
      14
      19
      14
      17
      14
      14
      14
       9
      13
      16
      12
      18
      20
      20
      18
      15
      14
      13
      10
      14
      14
      19
      13
      17
      21
      10
      19
      10
      10
      14
      10
      13
      12
      13
      12
      19
      14
      16
      15
       8
      18
      16
      10
      12
      13
      14
      20
      20
      23
      31
      16
      15
      12
      17
       9
      19
      11
      15
       8
      11
      10
      13
      10
      12
      12
       8
      13
      11
      14
      14
      11
       7
      13
      17
      14
       9
      15
      12
      13
      14
      12
      13
      16
       9
      14
      13
      13
      12
      17
      15
      17
      15
      12
      13
       6
      10
      10
      10
      16
      16
      17
      10
      12
       7
      17
      23
      16
      19
      14
      10
       8
       5
      12
      16
      16
      17
      14
      13
      15
      16
      14
      20
      15
      14
      22
      16
      22
      12
      14
      17
      10
      13
      13
       8
      18
       9
      13
      18
      11
      14
      10
      13
      12
      10
      12
      14
      12
       7
      10
       8
      19
       9
       8
      15
      18
      17
      15
       6
      13
      13
      12
      10
      12
      16
       5
      15
      12
       6
      12
      14
      15
       8
      10
      11
      17
      16
       5
      11
      12
      12
      12
      13
      11
      13
      14
      10
      14
      21
      11
       5
      13
      13
      12
      11
      12
      13
      11
      16
      12
      10
       9
       7
      10
       6
      11
       7
       6
      16
       6
       9
       9
      12
      14
      11
      10
      16
      13
      18
      17
       9
      17
      12
      13
       8
       7
       6
       6
      12
       8
       8
      11
      12
      11
      15
      14
       8
      11
      16
      11
      11
       8
      11
      12
      12
      14
      12
      14
       8
       9
      21
      13
      11
      13
      16
       7
       9
       8
      15
       6
      11
       8
       6
      15
      12
      12
      15
      10
       9
      11
      11
      15
      16
       4
       9
       4
      19
      12
      12
      13
      12
       7
       4
       9
      13
      14
      10
      11
       9
       9
      12
      16
       9
      15
      15
      14
      13
       8
       6
       9
       8
       9
      10
      14
       8
      10
      15
      10
       8
       7
      11
      10
      10
       9
      13
       3
       4
      11
       7
       9
      10
       9
      11
      17
       8
       6
      11
      10
       8
       8
      13
       8
      14
      12
      11
       9
      13
       8
      15
      12
      16
      11
      11
      14
      13
       8
       8
      13
       5
       5
      12
      12
      12
      10
       7
       8
       6
       2
      14
      12
      10
      13
      11
      14
      10
      11
      15
       5
      11
      11
      11
       8
      11
      11
       6
      12
      11
      11
       9
      10
      16
      12
      10
      10
       7
       8
      12
      12
      14
      19
       9
      10
      15
      10
      11
      13
       7
       8
       6
       7
      13
      11
      11
       9
      10
       9
      15
      15
      12
      11
      12
       6
      11
       8
       8
       5
      13
       8
       7
       9
      11
       6
      10
       9
      10
      14
      10
       6
      18
      12
       7
       9
       7
       9
      10
      15
       5
      17
       9
       6
      15
      11
       7
      15
       9
      12
      13
      11
       8
       8
      11
       3
       9
       4
      11
      14
       9
      18
       8
      13
      18
      17
      43
      65
      77
      57
      57
      53
      24
      15
       8
      14
      19
      16
      11
       8
       9
      16
      12
       9
      15
      13
      11
       6
       9
       7
       8
      10
      10
       7
      16
      11
       9
      14
      12
      10
       8
      11
      14
       8
       8
       6
       5
      10
       7
       8
      12
       9
       4
       6
      10
      12
      13
      11
      10
      12
      11
       6
       9
       8
      11
       7
       8
       7
       9
       8
      10
      12
       5
       3
       9
       5
      11
       9
       7
      12
      10
       8
      11
       4
      14
      16
      15
      17
      14
      13
      13
       2
       9
      10
      13
       8
       6
      12
       9
      13
       7
       9
      12
       5
      10
       8
      14
      11
      14
       6
      13
       6
       5
       3
      13
      12
       8
      13
      12
       9
       6
       7
       6
      10
      13
      10
      16
       9
      12
      13
      11
      10
       8
      10
       7
      11
      13
       6
       4
       7
      10
      14
       6
       8
       8
      11
      10
      19
      11
       8
      14
       9
      11
       4
      10
      11
      11
       7
      12
      11
       9
       2
      15
       9
      10
       7
       6
       9
       6
      12
       6
      13
       9
      11
       9
      13
      13
       8
      10
      10
       7
       7
       9
       7
       8
       9
      12
      11
       6
      10
      10
       8
       6
      10
       7
       7
       9
       9
       6
      16
      11
      13
      12
      14
       8
      10
       9
      14
      10
      11
       5
      10
      10
      11
       7
       8
      10
      12
      12
      11
      13
      11
      11
      12
       9
       9
      12
       9
      12
       7
      13
       6
       8
      15
       9
       8
      11
       8
       8
       9
      13
      13
       5
      11
      10
      11
       4
      12
       9
      17
       8
      15
      11
      10
      10
       5
      11
       5
       3
      10
      11
       7
       7
       6
       9
       8
      13
       6
      10
      22
      28
      34
      34
      35
      19
      15
       7
       4
       6
      20
       9
      10
       6
       2
       8
       6
       7
      13
       7
       9
       5
       5
      10
       8
      12
      10
       7
       8
      10
       7
       4
      12
       5
      10
      14
      12
      12
       8
       8
       8
       7
      11
       4
      10
       6
      10
       6
       8
       7
       7
       3
       8
       7
       6
       8
      11
       7
       7
       7
      11
       5
       8
       5
       4
       5
       8
       6
       4
       5
       6
       5
       5
       5
       7
       8
       5
       3
      10
       8
      11
       7
       6
       6
       8
       8
       4
       8
       4
       6
       8
       8
      10
       7
       6
       6
       9
      12
      15
      10
       6
      14
      13
       9
       9
       7
       5
       7
       7
       4
       5
       4
       4
      10
       8
       6
       6
       9
       5
       4
      14
       8
       5
       8
       8
       5
      11
       6
       7
       7
       8
       4
       8
       2
       5
       8
       6
       3
       8
      10
      12
       6
       9
       6
       8
       6
       7
       6
       4
       6
       5
       6
       4
       3
      10
       6
       9
       6
       4
       3
       6
       7
      11
       5
       3
       9
       3
       8
       7
       2
       5
       5
       6
       6
       8
       7
       8
       8
       7
       7
       5
       7
       3
       6
       7
       8
       7
       4
      11
       3
       1
       4
       6
       4
       6
       8
       5
       6
       2
       7
       7
      14
       2
       4
       3
       6
       6
       9
       2
       3
      11
       6
       7
      10
      15
       7
       6
       3
       4
       3
       7
       6
       9
       3
      11
      12
      10
       7
       7
       7
       8
       5
       4
       6
       7
       5
       5
      10
      10
       4
       5
       6
       2
       7
       3
       5
       9
       5
       6
       4
      11
       6
      10
       5
       5
       4
       3
       7
       9
       4
       8
       3
       6
       4
       4
      10
       5
       6
       4
       6
       9
       9
       5
       6
       6
       6
       7
       6
       5
       6
       4
       4
       5
       8
       5
       3
       2
       4
       2
       3
       3
      12
       5
       9
       7
       2
       5
       3
       3
       4
       5
       8
       2
       5
       7
       3
       2
      11
      10
      11
       6
       8
      15
      27
      21
      21
      20
      16
       5
       7
       6
       4
       8
       7
       9
       4
       6
       6
       3
       8
      10
       4
       9
       8
       6
       5
       5
       2
       3
       7
       8
       5
       6
       6
       7
       3
       4
       2
       4
       5
       7
       3
       2
       8
       6
       5
       7
       7
       1
       6
       2
       3
       5
       5
       5
      11
      10
      13
      12
       5
       6
       8
       8
       4
       5
       8
       5
       2
       4
       8
      10
      15
       7
      14
      14
       6
       8
       7
       3
      10
       7
       4
       6
       2
       7
       5
       4
       5
       5
       7
       4
       2
       7
       3
       4
       2
       7
       4
       5
       5
       7
       5
       7
       9
       6
       6
       5
       3
       5
       5
       3
       8
       6
       5
       6
       8
       5
       7
       9
       5
       6
       6
       7
       4
       7
       4
       6
       4
       6
       6
       2
       5
      10
       3
       8
      11
       5
       2
       3
       5
       5
       5
      10
       3
       6
       5
       9
       4
       5
       4
       5
       7
       5
       5
       5
       3
       6
       8
       5
       4
       7
       8
       6
       6
       5
       5
       6
       7
       2
       7
       4
       6
       3
       5
       3
       7
       5
       6
       3
       7
       5
       4
       6
       8
       7
      23
      19
      36
      62
      91
      82
      70
      49
      39
      26
      10
       8
       7
       6
       5
       1
       5
       9
       3
       7
       5
       8
       6
       2
       7
       2
       3
       4
       4
      11
       3
       6
       3
       6
       7
       7
       5
       4
       4
       5
       2
       3
       5
       7
       5
       3
       6
       5
       4
       7
       3
       5
       3
       4
       3
       3
       1
       5
       5
       5
       7
      10
       7
       5
       2
       4
       3
       5
       4
       3
       4
       3
       4
       5
       6
       6
       1
       4
       3
       3
       1
       7
       3
       7
       5
       4
       3
       2
       6
       9
       3
       5
       3
      10
       6
       3
       4
       4
       2
       3
       4
       4
       2
       6
       5
       4
       4
       4
       4
      10
       5
      12
      16
      17
      12
       8
       5
       8
       5
       5
       4
       3
       5
       4
       2
       4
       5
       2
       5
       7
       2
       7
       6
       3
       2
       1
       5
       4
       5
       4
       2
       1
       7
       5
       3
       3
       6
       6
      10
       4
       4
       5
       6
       5
       2
       3
       4
       4
       3
       9
       6
       7
       1
       5
       5
       3
       2
       4
       4
       5
       7
       8
       7
       5
       4
       4
       6
       5
       8
       6
       4
       7
       2
       5
       3
       3
       7
       5
       5
       7
       5
       7
       5
       2
       3
       5
       3
       3
       3
       4
       0
       3
       3
       1
       2
       3
       4
       4
       4
       5
       4
       4
       2
       1
       4
       7
       4
       2
       5
       1
       4
       6
       3
       2
       2
       3
       2
       2
       4
       4
       0
       3
       2
       4
       2
       1
       3
       5
       3
       1
       3
       3
       0
       1
       4
       3
       2
       7
       6
       2
       1
       3
       5
       5
       2
       5
       2
       5
       3
       1
       1
       1
       3
       2
       0
       3
       5
       2
       3
       1
       3
       3
       3
       3
       7
       5
       6
       3
       8
       6
       6
       3
       1
       3
       2
       3
       3
       1
       4
       3
       0
       2
       2
       3
       7
       4
       8
       1
       6
       5
       6
       5
       4
       9
       0
       3
       4
       3
       5
       1
       7
       3
       1
       1
       6
       5
       2
       3
       4
       5
       4
       1
       5
       4
       1
       3
       3
       6
       2
       2
       2
       2
       2
       3
       1
       5
       3
       2
       5
       4
       4
       2
       2
       4
       5
       3
       6
       0
       2
       3
       4
       4
       2
       0
       3
       2
       0
       1
       2
       1
       1
       1
       4
       6
       4
       4
       5
       4
       2
       3
       2
       4
       2
       3
       2
       5
       1
       3
       4
       0
       2
       1
       2
       2
       1
       2
       1
       1
       4
       1
       5
       2
       4
       3
       4
       4
       3
       1
       3
       3
       2
       0
       2
       3
       1
       3
       1
       1
       2
       0
       0
       1
       2
       1
       5
       0
       1
       3
       5
       3
       2
       3
       2
       5
       3
       2
       2
       4
       1
       1
       1
       1
       5
       3
       2
       1
       3
       2
       2
       4
       0
       2
       2
       3
       1
       4
       3
       2
       1
       0
       8
       7
       3
       8
       5
       4
       1
       1
       1
       1
       0
       1
       3
       4
       2
       2
       5
       3
       1
       3
       4
       1
       1
       2
       3
       1
       2
       4
       0
       3
       0
       0
       3
       3
       1
       2
       0
       1
       1
       1
       5
       1
       2
       1
       2
       3
       0
       4
       0
       2
       4
       1
       1
       0
       1
       4
       1
       1
       1
       1
       2
       3
       1
       2
       2
       1
       2
       0
       1
       3
       0
       3
       3
       3
       3
       4
       2
       3
       3
       4
       2
       2
       0
       1
       3
       1
       1
       3
       1
       4
       1
       2
       1
       1
       2
       1
       2
       0
       1
       0
       0
       1
       1
       0
       0
       3
       1
       2
       1
       0
       0
       2
       1
       2
       1
       1
       1
       1
       3
       2
       1
       5
       1
       5
       0
       4
       1
       0
       1
       0
       0
       3
       4
       2
       2
       2
       2
       0
       2
       1
       1
       0
       0
       2
       3
       0
       3
       1
       1
       2
       3
       5
       8
      10
      11
      13
       7
       7
       4
       3
       3
       1
       1
       2
       0
       4
       2
       2
       1
       2
       0
       1
       1
       1
       0
       2
       1
       2
       0
       0
       2
       1
       0
       3
       1
       1
       0
       1
       0
       1
       0
       1
       1
       2
       1
       2
       3
       2
       1
       0
       0
       2
       1
       1
       1
       0
       1
       0
       2
       0
       3
       0
       1
       2
       5
       0
       2
       1
       2
       1
       1
       5
       1
       1
       2
       0
       7
       3
       9
      12
      26
      43
      59
      66
      45
      51
      21
      15
       8
       0
       1
       1
       1
       2
       0
       2
       4
       3
       3
       3
       0
       0
       0
       3
       3
       1
       2
       0
       1
       2
       1
       0
       3
       1
       0
       0
       1
       1
       0
       2
       1
       0
       2
       1
       3
       2
       2
       5
       4
       0
       1
       1
       0
       0
       1
       2
       3
       3
       1
       4
       2
       0
       1
       2
       1
       3
       2
       0
       1
       3
       0
       1
       1
       2
       0
       2
       1
       2
       1
       1
       0
       1
       0
       1
       2
       1
       3
       0
       3
       0
       0
       0
       2
       3
       2
       3
       1
       0
       0
       1
       1
       1
       0
       1
       2
       1
       0
       2
       2
       2
       0
       0
       0
       2
       0
       1
       2
       1
       2
       0
       0
       0
       1
       0
       2
       3
       3
       0
       1
       2
       1
       2
       0
       1
       0
       2
       3
       1
       1
       0
       4
       0
       1
       0
       2
       1
       4
       0
       1
       0
       2
       2
       2
       0
       0
       1
       2
       1
       0
       1
       1
       1
       4
       1
       2
       0
       3
       1
       4
       2
       0
       4
       1
       1
       1
       2
       2
       1
       1
       1
       4
       2
       2
       4
       0
       5
       6
       5
      11
       8
       1
       4
       3
       1
       0
       1
       2
       1
       0
       1
       0
       2
       1
       1
       1
       2
       0
       2
       3
       1
       1
       2
       0
       0
       1
       2
       1
       0
       0
       2
       1
       0
       0
       1
       1
       0
       4
       1
       2
       3
       0
       0
       3
       1
       0
       1
       2
       0
       1
       0
       1
       2
       3
       4
       3
       4
       3
       1
       2
       0
       0
       0
       2
       0
       2
       3
       0
       0
       0
       0
       3
       1
       0
       3
       2
       3
       1
       0
       2
       1
       0
       0
       2
       0
       3
       2
       2
       2
       2
       2
       0
       2
       1
       0
       1
       1
       1
       4
       1
       1
       0
       2
       2
       3
       3
       1
       3
       2
       4
       2
       1
       1
       1
       0
       3
       3
       1
       1
       3
       1
       1
       2
       0
       2
       1
       1
       1
       2
       1
       0
       0
       1
       1
       2
       1
       1
       2
       0
       0
       0
       2
       2
       0
       3
       0
       1
       2
       1
       1
       0
       0
       0
       1
       0
       1
       2
       0
       1
       1
       1
       1
       1
       1
       1
       1
       0
       1
       1
       2
       2
       1
       2
       4
       1
       1
       1
       1
       1
       0
       2
       0
       2
       1
       1
       1
       0
       0
       0
       2
       1
       1
       3
       1
       0
       1
       1
       1
       4
       1
       1
       3
       3
       3
       1
       1
       2
       3
       2
       1
       2
       0
       1
       4
       3
       1
       1
       0
       2
       0
       0
       0
       1
       0
       2
       0
       0
       1
       4
       3
       1
       4
       2
       1
       1
       0
       1
       1
       1
       1
       0
       1
       2
       1
       1
       2
       0
       4
       2
       2
       1
       1
       0
       1
       0
       2
       0
       2
       2
       0
       0
       1
       1
       2
       0
       0
       0
       0
       2
       0
       1
       4
       2
       1
       0
       0
       1
       1
       2
       1
       1
       1
       2
       1
       1
       0
       0
       2
       2
       1
       3
       3
       0
       1
       1
       2
       1
       1
       1
       0
       0
       2
       2
       1
       2
       2
       1
       0
       0
       1
       1
       0
       2
       0
       1
       0
       5
       0
       1
       2
       1
       1
       0
       0
       2
       5
       1
       0
       1
       1
       0
       2
       1
       0
       0
       0
       0
       2
       0
       2
       1
       0
       1
       0
       0
       2
       0
       1
       1
       1
       1
       1
       2
       0
       2
       1
       0
       0
       0
       0
       0
       0
       2
       0
       3
       1
       1
       3
       2
       2
       2
       1
       1
       1
       0
       0
       0
       0
       0
       3
       0
       0
       1
       1
       1
       2
       1
       2
       0
       1
       1
       0
       0
       1
       0
       2
       0
       0
       1
       1
       0
       0
       2
       2
       0
       2
       2
       0
       2
       3
       0
       0
       1
       1
       0
       1
       0
       1
       0
       0
       0
       0
       1
       3
       1
       0
       2
       1
       0
       1
       1
       2
       0
       1
       0
       0
       0
       0
       1
       1
       1
       0
       1
       0
       1
       0
       2
       1
       1
       1
       1
       1
       2
       1
       1
       1
       0
       1
       1
       2
       5
       0
       0
       1
       1
       0
       0
       0
       0
       1
       0
       0
       0
       1
       0
       0
       0
       1
       0
       0
       1
       2
       0
       1
       0
       1
       0
       0
       0
       1
       0
       0
       2
       0
       2
       0
       0
       2
       2
       2
       0
       1
       0
       2
       1
       0
       0
       0
       1
       1
       0
       2
       0
       0
       0
       0
       1
       1
       0
       0
       1
       0
       0
       1
       1
       0
       1
       0
       2
       0
       2
       1
       1
       0
       1
       2
       1
       0
       1
       0
       1
       2
       3
       0
       1
       1
       0
       1
       0
       1
       1
       2
       0
       1
       1
       1
       1
       2
       0
       0
       1
       0
       1
       1
       0
       1
       2
       1
       1
       2
       1
       1
       1
       1
       1
       1
       2
       1
       0
       0
       1
       0
       2
       3
       0
       3
       0
       0
       0
       1
       1
       0
       0
       2
       0
       0
       2
       1
       0
       1
       1
       2
       3
       4
       2
       3
       3
       2
       0
       2
       0
       1
       0
       1
       1
       1
       1
       0
       0
       1
       0
       1
       0
       0
       0
       0
       1
       1
       2
       1
       1
       1
       1
       0
       0
       1
       1
       1
       0
       1
       0
       0
       0
       1
       0
       0
       0
       0
       0
       1
       1
       0
       2
       0
       0
       0
       0
       1
       1
       0
       0
       0
       0
       0
       1
       0
       0
       0
       0
       0
       1
       2
       1
       0
       0
       1
       0
       0
       1
       2
       1
       3
       2
       0
       1
       1
       0
       0
       1
       0
       2
       0
       0
       0
       0
       2
       2
       0
       1
       0
       1
       0
       0
       2
       0
       0
       1
       1
       0
       1
       0
       0
       0
       1
       0
       1
       1
       1
       0
       2
       0
       1
       1
       1
       1
       1
       0
       0
       2
       0
       0
       0
       0
       0
       1
       0
       0
       1
       1
       0
       1
       0
       1
       0
       0
       0
       1
       2
       0
       0
       0
       0
       0
       0
       1
       0
       0
       0
       2
       1
       0
       0
       2
       0
       1
       0
       1
       0
       0
       0
       2
       0
       1
       0
       1
       0
       0
       0
       0
       1
       0
       0
       1
       1
       0
       1
       1
       0
       2
       0
       4
       5
       9
      11
      19
      20
      15
      15
      13
      10
       2
       0
       1
       0
       3
       0
       1
       1
       0
       3
       0
       1
       0
       0
       1
       1
       0
       0
       1
       1
       0
       2
       2
       0
       0
       1
       0
       0
       0
       1
       0
       2
       2
       1
       1
       3
       0
       1
       0
       1
       0
       1
       2
       0
       1
       0
       0
       1
       0
       1
       1
       1
       0
       1
       1
       2
       0
       0
       0
       1
       0
       0
       2
       1
       0
       0
       0
       0
       2
       0
       0
       1
       0
       0
       0
       1
       0
       1
       0
       0
       0
       0
       0
       1
       1
       1
       0
       0
       0
       0
       0
       0
       0
       0
       1
       0
       1
       0
       0
       1
       1
       1
       0
       1
       0
       2
       1
       1
       0
       1
       1
       0
       1
       1
       1
       1
       0
       0
       1
       1
       0
       0
       1
       0
       0
       0
       0
       0
       0
       1
       0
       0
       1
       0
       1
       0
       0
       0
       2
       0
       1
       0
       1
       1
       0
       1
       2
       0
       0
       0
       1
       0
       0
       0
       0
       1
       0
       0
       1
       0
       1
       0
       1
       0
       0
       0
       1
       0
       0
       0
       1
       0
       0
       0
       0
       0
       1
       0
       0
       1
       0
       0
       0
       0
       2
       0
       0
       1
       1
       0
       0
       0
       1
       1
       2
       1
       0
       1
       1
       0
       0
       0
       0
       1
       1
       0
       0
       0
       0
       0
       0
       1
       0
       0
       1
       0
       0
       0
       1
       0
       0
       2
       0
       0
       0
       1
       0
       0
       1
       0
       0
       0
       0
       0
       0
       0
       0
       1
       0
       0
       0
       0
       1
       0
       0
       1
       0
       0
       1
       0
       0
       0
       0
       0
       1
       0
       1
       1
       0
       1
       1
       2
       1
       1
       0
       2
       0
       1
       1
       2
       0
       0
       0
       1
       0
       0
       1
       1
       0
       0
       0
       0
       0
       0
       2
       0
       0
       0
       0
       0
       0
       1
       0
       0
       2
       1
       0
       0
       0
       1
       0
       0
       1
       1
       0
       1
       0
       0
       0
       0
       2
       0
       0
       1
       0
       0
       0
       0
       1
       0
       0
       1
       0
       2
       0
       0
       1
       2
       1
       0
       1
       1
       0
       0
       0
       2
       0
       0
       0
       0
       0
       0
       0
       1
       0
       0
       0
       0
       1
       0
       0
       0
       1
       0
       0
       0
       0
       0
       1
       1
       0
       1
       2
       0
       0
       1
       0
       0
       0
       2
       0
       0
       0
       0
       1
       1
       0
       2
       0
       0
       0
       0
       0
       0
       0
       0
       0
       0
       0
       0
       0
       0
       0
       1
       1
       0
       0
       0
       0
       0
       1
       0
       0
       0
       1
       0
       0
       1
       0
       0
       0
       0
       0
       0
       0
       0
       1
       0
       0
       0
       0
       0
       1
       0
       0
       0
       1
       0
       0
       1
       0
       0
       0
       0
       0
       0
       1
       0
       0
       0
       0
       0
       0
       1
       0
       0
       0
       0
       0
       0
       0
       0
       0
       0
       1
       0
       1
       0
       0
       0
       0
       0
       0
       0
       0
       0
       1
       1
       0
       0
       0
       0
       1
       3
       0
       0
       0
       0
       0
       1
       0
       0
       0
       0
       0
       0
       0
       1
       0
       1
       0
       1
       0
       1
       0
       0
       0
       1
       0
       0
       1
       0
       0
       1
       0
       0
       0
       0
       0
       0
       0
       0
       0
       1
       0
       1
       0
       0
       0
       1
       1
       1
       1
       2
       0
       0
       0
       0
       0
       0
       0
       0
       0
       0
       5
       4
       3
       2
       6
       2
       0
       1
       1
       3
       1
       0
       0
       0
       1
       0
       0
       0
       0
       0
       1
       0
       0
       0
       0
       0
       0
       1
       0
       1
       0
       0
       0
       0
       1
       0
       0
       0
       1
       0
       1
       1
       0
       0
       0
       0
       0
       1
       0
       0
       0
       1
       0
       1
       1
       0
       0
       0
       1
       0
       0
       0
       0
       0
       0
       0
       0
       0
       0
       0
       0
       0
       0
       0
       0
       1
       0
       0
       0
       1
       0
       0
       0
       0
       0
       0
       1
       0
       0
       0
       0
       0
       0
       1
       0
       0
       0
       0
       0
       0
       0
       0
       0
       0
       0
       0
       0
       0
       0
       0
       0
       0
       0
       0
       0
       0
       0
       0
       0
       1
       0
       0
       0
       0
       0
       1
       0
       0
       0
       0
       0
       0
       0
       0
       1
       0
       0
       0
       0
       0
       0
       1
       0
       0
       0
       0
       0
       0
       0
       0
       0
       0
       0
       0
       0
       0
       0
       0
       0
       0
       0
       0
       0
       0
       0
       0
       0
       0
       0
       0
       0
       0
       0
       1
       0
       0
       0
       0
       0
       0
       0
       0
       0
       0
       0
       0
       0
       1
       0
       0
       0
       0
       1
       0
       0
       1
       0
       0
       0
       0
       0
       0
       0
       0
       0
       0
       0
       0
       0
       0
       0
       0
       0
       0
       0
       0
       0
       0
       0
       0
       0
       0
       1
       0
       0
       0
       0
       0
       0
       0
       0
       0
       0
       0
       0
       0
       0
       1
       1
       0
       0
       0
       0
       0
       0
       0
       0
       0
       0
       0
       0
       0
       0
       0
       0
       0
       0
       0
       1
       0
       0
       1
       0
       0
       0
       0
       0
       0
       0
       0
       0
       0
       0
       0
       0
       0
       0
       0
       0
       0
       0
       0
       0
       0
       0
       0
       0
       0
       1
       0
       0
       2
       0
       0
       0
       0
       0
       1
       0
       0
       0
       0
       2
       0
       0
       0
       0
       0
       0
       0
       0
       0
       0
       0
       0
       0
       0
       0
       0
       0
       0
       0
       0
       0
       0
       0
       0
       0
       0
       0
       0
       0
       0
       0
       0
       0
       0
       0
       0
       0
       0
       0
       0
       0
       0
       0
       0
       0
       0
       0
       0
       0
       0
       0
       0
       0
       0
       0
       0
       0
       0
       0
       0
       0
       0
       0
       0
       0
       0
       0
       0
       0
       0
       4
       3
       3
       6
       9
       6
       5
       5
       5
       0
       0
       1
       0
       0
       0
       0
       0
       0
       0
       0
       0
       0
       0
       0
       0
       0
       0
       0
       0
       0
       0
       0
       0
       0
       0
       0
       0
       0
       0
       0
       0
       0
       0
       0
       0
       0
       0
       0
       0
       0
       0
       0
       0
       0
       0
       0
       0
       0
       0
       0
       0
       0
       0
       0
       0
       0
       0
       0
       0
       1
       0
       0
       0
       0
       0
       0
       0
       0
       0
       0
       0
       0
       0
       0
       0
       0
       0
       0
       0
       0
       0
       0
       0
       0
       0
       0
       0
       0
       0
       0
       0
       0
       0
       0
       0
       0
       0
       0
       0
       0
       0
       0
       0
       0
       0
       0
       0
       0
       0
       0
       0
       0
       0
       0
       0
       0
       0
       0
       0
       0
       0
       0
       0
       0
       0
       0
       0
       0
       0
       0
       0
       0
       0
       0
       0
       0
       0
       0
       0
       0
       0
       0
       0
       0
       0
       0
       0
       0
       0
       0
       0
       0
       0
       0
       0
       0
       0
       0
       0
       0
       0
       0
       0
       0
       0
       0
       0
       0
       0
       0
       0
       0
       0
       0
       0
       0
       0
       0
       0
       0
       0
       1
       1
       0
       0
       0
       0
       0
       0
       0
       0
       0
       0
       0
       0
       0
       0
       0
       1
       0
       0
       0
       0
       0
       0
       0
       0
       0
       0
       0
       0
       0
       0
       0
       0
       0
       0
       0
       0
       1
       0
       0
       0
       0
       0
       0
       0
       0
       1
       0
       0
       0
       0
       0
       0
       0
       0
       0
       0
       0
       0
       0
       0
       0
       0
       0
       0
       0
       0
       0
       0
       0
       0
       0
       0
       0
       0
       0
       0
       0
       0
       0
       1
       0
       0
       0
       0
       0
       0
       0
       0
       0
       0
       0
       0
       0
       0
       0
       0
       0
       0
       0
       0
       0
       0
       0
       0
       0
       0
       0
       0
       0
       0
       0
       0
       0
       0
       0
       0
       0
       0
       0
       0
       0
       0
       0
       0
       0
       0
       0
       0
       0
       0
       0
       0
       0
       0
       0
       0
       0
       0
       0
       0
       0
       0
       0
       0
       0
       0
       0
       0
       1
       0
       0
       0
       0
       0
       0
       0
       0
       0
       0
       0
       0
       0
       0
       0
       0
       0
       0
       0
       0
       1
       0
       0
       0
       0
       0
       0
       0
       0
       0
       0
       0
       1
       0
       0
       0
       0
       0
       0
       0
       0
       0
       0
       0
       0
       0
       0
       0
       1
       0
       0
       0
       0
       0
       0
       0
       0
       0
       0
       0
       0
       0
       0
       0
       0
       0
       0
       0
       1
       0
       0
       0
       0
       0
       0
       0
       0
       0
       0
       0
       0
       0
       0
       0
       0
       0
       0
       0
       0
       1
       0
       0
       0
       0
       0
       0
       0
       0
       0
       0
       0
       0
       0
       0
       0
       0
       0
       0
       0
       0
       0
       0
       0
       0
       0
       0
       0
       0
       0
       0
       0
       0
       0
       0
       0
       0
       0
       0
       0
       0
       0
       0
       0
       0
       0
       0
       0
       0
       0
       0
       0
       0
       0
       0
       0
       0
       0
       0
       0
       0
       0
       0
       0
       0
       0
       0
       0
       0
       0
       0
       0
       0
       0
       0
       0
       0
       0
       0
       0
       0
       0
       0
       0
       0
       0
       0
       0
       0
       0
       0
       0
       0
       0
       0
       0
       0
       0
       0
       0
       0
       0
       0
       0
       0
       1
       0
       0
       0
       0
       0
       0
       0
       0
       0
       0
       0
       0
       0
       0
       1
       0
       0
       0
       0
       0
       0
       0
       0
       0
       0
       0
       0
       0
       0
       0
       0
       0
       0
       0
       0
       0
       0
       0
       0
       0
       0
       0
       0
       0
       0
       0
       0
       0
       0
       0
       2
       0
       1
       0
       0
       0
       0
       0
       0
       0
       0
       0
       0
       0
       0
       0
       0
       0
       0
       0
       0
       0
       0
       1
       0
       1
       0
       0
       0
       0
       0
       0
       0
       0
       0
       0
       0
       0
       0
       0
       0
       0
       0
       0
       0
       0
       0
       0
       0
       0
       0
       0
       0
       0
       0
       0
       0
       0
       0
       0
       0
       0
       0
       0
       0
       0
       0
       0
       0
       1
       0
       0
       0
       0
       0
       0
       0
       0
       0
       0
       0
       0
       0
       0
       0
       0
       0
       0
       0
       0
       0
       0
       0
       1
       0
       0
       0
       0
       0
       0
       0
       0
       0
       0
       0
       0
       0
       0
       1
       0
       0
       0
       0
       0
       0
       0
       0
       0
       0
       0
       0
       0
       0
       0
       0
       0
       0
       0
       0
       0
       0
       0
       0
       0
       0
       0
       0
       0
       0
       0
       0
       0
       0
       0
       0
       0
       1
       0
       0
       0
       0
       0
       0
       0
       0
       0
       0
       0
       0
       0
       0
       0
       0
       0
       0
       0
       0
       0
       0
       0
       0
       0
       0
       0
       0
       0
       0
       0
       0
       0
       0
       0
       0
       0
       0
       0
       0
       0
       0
       0
       0
       0
       0
       0
       0
       0
       0
       0
       0
       0
       0
       0
       0
       0
       0
       0
       0
       1
       0
       0
       0
       0
       0
       0
       0
       0
       0
       0
       0
       0
       0
       0
       0
       0
       0
       0
       0
       0
       0
       0
       0
       0
       0
       0
       0
       0
       0
       0
       0
       0
       0
       0
       0
       0
       0
       0
       0
       0
       0
       0
       0
       0
       0
       0
       0
       0
       0
       0
       0
       0
       0
       0
       0
       0
       0
       0
       0
       0
       0
       0
       0
       0
       0
       0
       0
       0
       0
       0
       0
       0
       0
       0
       0
       0
       0
       0
       0
       0
       0
       0
       0
       0
       0
       0
       1
       0
       0
       0
       0
       0
       0
       0
       0
       0
       0
       0
       0
       0
       0
       0
       0
       0
       0
       0
       0
       0
       0
       0
       0
       0
       0
       0
       0
       0
       0
       0
       0
       0
       0
       0
       0
       1
       0
       0
       0
       0
       0
       0
       0
       0
       0
       0
       0
       0
       0
       0
       0
       0
       0
       0
       0
       0
       0
       0
       0
       0
       0
       0
       0
       0
       0
       0
       0
       0
       0
       0
       0
       0
       0
       0
       0
       0
       0
       0
       0
       0
       0
       0
       0
       0
       0
       0
       0
       0
       0
       0
       0
       0
       0
       0
       0
       0
       0
       0
       0
       0
       0
       0
       0
       0
       0
       0
       0
       1
       0
       0
       0
       0
       0
       0
       0
       0
       0
       0
       0
       0
       0
       0
       0
       0
       0
       0
       0
       0
       0
       0
       0
       0
       0
       0
       0
       0
       0
       0
       1
       0
       0
       0
       0
       0
       0
       0
       0
       0
       0
       0
       0
       1
       0
       0
       0
       0
       0
       0
       0
       0
       1
       0
       0
       0
       0
       0
       0
       0
       0
       0
       0
       0
       0
       0
       0
       0
       0
       0
       0
       0
       0
       0
       0
       0
       0
       0
       0
       0
       0
       0
       0
       0
       1
       0
       0
       0
       0
       0
       0
       0
       0
       0
       0
       0
       0
       0
       0
       0
       0
       0
       0
       0
       0
       0
       0
       0
       0
       0
       0
       0
       0
       0
       0
       0
       1
       0
       0
       0
       0
       0
       0
       0
       0
       0
       0
       0
       0
       0
       0
       0
       0
       0
       0
       0
       0
       0
       1
       0
       0
       0
       0
       0
       0
       0
       0
       0
       0
       0
       0
       0
       0
       0
       0
       0
       0
       0
       0
       0
       0
       0
       0
       0
       0
       0
       0
       0
       0
       0
       0
       0
       0
       0
       0
       0
       0
       0
       0
       0
       0
       0
       0
       0
       0
       0
       0
       0
       0
       0
       0
       0
       0
       0
       0
       0
       0
       0
       0
       0
       0
       0
       0
       0
       0
       0
       0
       0
       0
       0
       0
       0
       0
       0
       0
       0
       0
       0
       0
       0
       0
       0
       0
       0
       0
       0
       0
       0
       0
       1
       0
       0
       0
       0
       0
       0
       0
       0
       0
       0
       0
       0
       0
       0
       0
       0
       0
       0
       0
       0
       0
       0
       0
       0
       0
       0
       0
       0
       0
       0
       0
       0
       0
       0
       0
       0
       0
       0
       0
       0
       0
       0
       0
       0
       0
       1
       0
       0
       0
       0
       0
       0
       0
       0
       0
       0
       0
       0
       1
       0
       0
       0
       0
       0
       0
       0
       0
       0
       0
       0
       0
       0
       0
       0
       0
       0
       0
       0
       0
       0
       0
       0
       0
       0
       0
       0
       0
       0
       0
       0
       0
       0
       0
       0
       0
       0
       0
       0
       0
       0
       0
       0
       0
       0
       0
       0
       0
       0
       0
       0
       0
       0
       0
       0
       1
       0
       0
       0
       0
       0
       0
       0
       0
       0
       0
       0
       0
       0
       0
       0
       0
       0
       0
       0
       0
       0
       0
       0
       0
       0
       0
       0
       0
       0
       0
       0
       0
       0
       0
       0
       0
       0
       0
       0
       0
       0
       0
       0
       0
       0
       0
       0
       0
       0
       0
       0
       0
       0
       0
       0
       0
       0
       0
       0
       0
       0
       0
       0
       0
       0
       0
       0
       0
       0
       0
       0
       0
       0
       0
       0
       0
       0
       0
       0
       0
       0
       0
       0
       0
       0
       1
       0
       0
       0
       0
       0
       0
       0
       0
       0
       0
       0
       0
       0
       0
       0
       0
       0
       0
       0
       0
       0
       0
       0
       0
       0
       0
       0
       0
       0
       0
       0
       0
       0
       0
       0
       0
       0
       0
       0
       0
       0
       0
       0
       0
       0
       0
       0
       0
       0
       0
       0
       0
       0
       0
       0
       0
       0
       1
       0
       0
       0
       0
       0
       0
       0
       0
       0
       0
       0
       0
       0
       0
       0
       0
       0
       0
       0
       0
       0
       0
       0
       0
       0
       0
       0
       0
       1
       0
       0
       0
       0
       0
       0
       0
       0
       0
       0
       0
       0
       0
       0
       0
       0
       0
       0
       0
       0
       0
       0
       0
       0
       0
       0
       0
       0
       0
       0
       0
       0
       0
       0
       0
       0
       0
       0
       0
       0
       0
       0
       0
       0
       0
       0
       0
       0
       0
       0
       0
       0
       0
       0
       0
       0
       0
       1
       0
       0
       0
       0
       0
       0
       0
       0
       0
       0
       0
       0
       0
       0
       0
       0
       0
       0
       0
       0
       0
       0
       0
       0
       0
       0
       0
       0
       0
       0
       0
       0
       0
       0
       0
       0
       0
       0
       0
       0
       0
       0
       0
       0
       0
       0
       0
       0
       0
       0
       0
       0
       0
       0
       0
       0
       0
       0
       0
       0
       0
       0
       0
       0
       0
       0
       0
       0
       0
       0
       0
       0
       0
       0
       0
       0
       0
       0
       0
       0
       0
       0
       0
       0
       0
       0
       0
       0
       0
       0
       0
       0
       0
       0
       0
       0
       0
       0
       0
       0
       0
       0
       0
       0
       0
       0
       0
       0
       0
       0
       0
       0
       0
       0
       0
       0
       0
       0
       0
       0
       0
       1
       0
       0
       0
       0
       0
       0
       0
       0
       0
       0
       0
       0
       0
       0
       0
       0
       0
       0
       0
       0
       0
       0
       0
       0
       0
       0
       0
       0
       0
       0
       0
       0
       0
       0
       0
       0
       0
       0
       0
       0
       0
       0
       0
       0
       0
       0
       0
       0
       0
       0
       0
       0
       0
       0
       0
       0
       0
       0
       0
       0
       0
       0
       0
       0
       0
       0
       0
       0
       0
       0
       0
       0
       0
       0
       0
       0
       0
       0
       0
       0
       0
       0
       0
       0
       0
       0
       0
       0
       0
       0
       0
       0
       0
       0
       0
       0
       0
       0
       0
       0
       0
       0
       0
       0
       0
       0
       0
       0
       0
       0
       0
       0
       0
       0
       0
       0
       0
       0
       0
       0
       0
       0
       0
       0
       0
       0
       0
       0
       0
       0
       0
       0
       0
       0
       0
       0
       0
       0
       0
       0
       0
       0
       0
       0
       0
       0
       0
       0
       0
       0
       0
       0
       0
       0
       0
       0
       0
       0
       0
       0
       1
       0
       0
       0
       0
       0
       0
       0
       0
       0
       0
       0
       0
       0
       0
       0
       0
       0
       0
       0
       0
       0
       0
       0
       0
       0
       0
       0
       0
       0
       0
       0
       0
       0
       0
       0
       0
       0
       0
       0
       0
       0
       0
       0
       0
       0
       0
       0
       0
       0
       0
       0
       0
       0
       0
       0
       0
       0
       0
       0
       0
       0
       0
       0
       0
       0
       0
       0
       0
       0
       0
       0
       0
       0
       0
       1
       0
       0
       0
       0
       0
       0
       0
       0
       0
       0
       0
       0
       0
       0
       0
       0
       0
       0
       0
       0
       0
       0
       0
       0
       0
       0
       0
       0
       0
       0
       0
       0
       0
       0
       0
       0
       0
       0
       0
       0
       0
       0
       0
       0
       0
       0
       0
       0
       0
       0
       0
       0
       0
       0
       0
       0
       0
       0
       0
       0
       0
       0
       0
       0
       0
       0
       0
       0
       0
       0
       0
       0
       0
       0
       0
       0
       0
       0
       0
       0
       0
       0
       0
       0
       0
       0
       0
       0
       0
       0
       0
       0
       0
       0
       0
       0
       0
       0
       0
       0
       0
       0
       0
       0
       0
       0
       0
       0
       0
       0
       0
       0
       0
       0
       0
       0
       0
       0
       0
       0
       0
       0
       0
       0
       0
       1
       0
       0
       0
       0
       0
       0
       0
       0
       0
       0
       0
       0
       0
       0
       0
       0
       0
       0
       0
       0
       0
       0
       0
       0
       0
       0
       0
       0
       0
       0
       0
       0
       0
       0
       0
       0
       0
       0
       0
       0
       0
       0
       0
       0
       0
       0
       0
       0
       0
       0
       0
       0
       0
       0
       0
       0
       0
       0
       0
       0
       0
       0
       0
       0
       0
       0
       0
       0
       0
       0
       0
       0
       0
       0
       0
       0
       0
       0
       0
       0
       0
       0
       0
       0
       0
       0
       0
       0
       0
       0
       0
       0
       0
       0
       0
       0
       0
       0
       0
       0
       0
       0
       0
       0
       0
       0
       0
       0
       0
       0
       0
       0
       0
       0
       0
       0
       0
       0
       0
       0
       0
       0
       0
       0
       0
       0
       1
       0
       0
       0
       0
       0
       0
       0
       0
       0
       0
       0
       0
       0
       0
       0
       0
       0
       0
       0
       0
       0
       0
       0
       0
       0
       0
       0
       0
       0
       0
       0
       0
       0
       0
       0
       0
       0
       0
       0
       0
       0
       0
       0
       0
       0
       0
       0
       0
       1
       0
       0
       0
       0
       0
       0
       0
       0
       0
       0
       0
       0
       0
       0
       0
       0
       0
       0
       0
       0
       0
       0
       0
       0
       0
       0
       0
       0
       0
       0
       0
       0
       0
       0
       0
       0
       0
       0
       0
       0
       0
       0
       0
       0
       0
       0
       0
       0
       0
       0
       0
       0
       0
       0
       0
       0
       0
       0
       0
       0
       0
       0
       0
       0
       0
       0
       0
       0
       0
       0
       0
       0
       0
       0
       0
       0
       0
       0
       0
       0
       0
       0
       0
       0
       0
       0
       0
       0
       0
       0
       0
       0
       0
       0
       0
       0
       0
       0
       0
       0
       0
       0
       0
       0
       0
       0
       0
       0
       0
       0
       0
       0
       0
       0
       0
       0
       0
       0
       0
       0
       0
       0
       0
       0
       0
       0
       0
       0
       0
       0
       0
       0
$ROI:
6
1342 1381
1460 1501
2476 2522
3254 3273
3919 3970
4899 4948
$PRESETS:
None
0
0
$ENER_FIT:
-0.049554 0.447778
$MCA_CAL:
3
-4.955430E-002 4.477776E-001 2.606223E-008 keV
$SHAPE_CAL:
3
3.154570E+000 9.724734E-004 -1.079550E-007
