499.535156	.55761
500.499510	.55684
501.463863	.554
502.428217	.55435
503.392571	.5576
504.356924	.55944
505.321278	.55787
506.285631	.55361
507.249985	.54793
508.214339	.53917
509.178692	.52151
510.143046	.48418
511.107399	.41523
512.071753	.32244
513.036106	.23988
514.000460	.19264
514.964814	.17596
515.929167	.17466
516.893521	.17846
517.857874	.1824
518.822228	.18744
519.786582	.19498
520.750935	.20311
521.715289	.20984
522.679642	.21615
523.643996	.22354
524.608349	.23062
525.572703	.23677
526.537057	.24443
527.501410	.25398
528.465764	.26304
529.430117	.27054
530.394471	.27699
531.358825	.28323
532.323178	.29048
533.287532	.29879
534.251885	.30661
535.216239	.31366
536.180593	.3212
537.144946	.329
538.109300	.33642
539.073653	.34368
540.038007	.34988
541.002360	.35535
541.966714	.36228
542.931068	.36981
543.895421	.37616
544.859775	.3836
545.824128	.393
546.788482	.40068
547.752836	.40695
548.717189	.41539
549.681543	.42533
550.645896	.43464
551.610250	.4431
552.574603	.45124
553.538957	.45888
554.503311	.46647
555.467664	.4761
556.432018	.48754
557.396371	.49819
558.360725	.50783
559.325079	.5183
560.289432	.53032
561.253786	.54271
562.218139	.55514
563.182493	.56937
564.146846	.58531
565.111200	.60129
566.075554	.61835
567.039907	.6384
568.004261	.66051
568.968614	.68206
569.932968	.70116
570.897322	.71732
571.861675	.73112
572.826029	.74323
573.790382	.75343
574.754736	.76282
575.719090	.77382
576.683443	.78634
577.647797	.79887
578.612150	.81157
579.576504	.82617
580.540857	.84446
581.505211	.86607
582.469565	.88742
583.433918	.90446
584.398272	.91557
585.362625	.92204
586.326979	.92673
587.291333	.93041
588.255686	.93208
589.220040	.93243
590.184393	.93218
591.148747	.93155
592.113100	.9328
593.077454	.93577
594.041808	.93631
595.006161	.93464
595.970515	.93473
596.934868	.93671
597.899222	.93778
598.863576	.93676
599.827929	.93499
600.792283	.93443
601.756636	.93521
602.720990	.93576
603.685343	.936
604.649697	.93714
605.614051	.9388
606.578404	.93876
607.542758	.93571
608.507111	.93236
609.471465	.93146
610.435819	.93157
611.400172	.93118
612.364526	.9302
613.328879	.92876
614.293233	.92686
615.257587	.92405
616.221940	.91981
617.186294	.9143
618.150647	.91006
619.115001	.9087
620.079354	.9075
621.043708	.90342
622.008062	.89543
622.972415	.88383
623.936769	.86924
624.901122	.85075
625.865476	.82762
626.829830	.80119
627.794183	.7724
628.758537	.74308
629.722890	.72052
630.687244	.71369
631.651597	.7258
632.615951	.75355
633.580305	.7904
634.544658	.82799
635.509012	.85888
636.473365	.8814
637.437719	.89756
638.402073	.90844
639.366426	.91492
640.330780	.91882
641.295133	.92146
642.259487	.92327
643.223841	.92444
644.188194	.92523
645.152548	.9263
646.116901	.9271
647.081255	.92609
648.045608	.92372
649.009962	.92167
649.974316	.92141
650.938669	.92332
651.903023	.92549
652.867376	.92595
653.831730	.92511
654.796084	.92504
655.760437	.92582
656.724791	.92509
657.689144	.92313
658.653498	.92243
659.617851	.92358
660.582205	.92523
661.546559	.92584
662.510912	.92588
663.475266	.92716
664.439619	.92912
665.403973	.92975
666.368327	.92495
667.332680	.90083
668.297034	.86613
669.261387	.88214
670.225741	.90629
671.190094	.91724
672.154448	.91989
673.118802	.91996
674.083155	.91933
675.047509	.91809
676.011862	.91608
676.976216	.9138
677.940570	.9127
678.904923	.91336
679.869277	.91384
680.833630	.91279
681.797984	.91129
682.762338	.91053
683.726691	.91056
684.691045	.91064
685.655398	.9106
686.619752	.91079
687.584105	.91087
688.548459	.91056
689.512813	.9102
690.477166	.90989
691.441520	.9094
692.405873	.90948
693.370227	.91086
694.334581	.91252
695.298934	.913
696.263288	.91247
697.227641	.91237
698.191995	.91286
699.156348	.91321
700.120702	.91394
701.085056	.91482
702.049409	.91482
703.013763	.9146
703.978116	.9148
704.942470	.91494
705.906824	.91477
706.871177	.91442
707.835531	.91366
708.799884	.91223
709.764238	.91112
710.728591	.91097
711.692945	.91071
712.657299	.90958
713.621652	.90838
714.586006	.90823
715.550359	.90845
716.514713	.9072
717.479067	.90538
718.443420	.9046
719.407774	.90353
720.372127	.90274
721.336481	.9043
722.300835	.90618
723.265188	.90673
724.229542	.90699
725.193895	.90703
726.158249	.90677
727.122602	.90693
728.086956	.90683
729.051310	.90553
730.015663	.9042
730.980017	.90377
731.944370	.90341
732.908724	.90282
733.873078	.9027
734.837431	.90268
735.801785	.90234
736.766138	.90258
737.730492	.90324
738.694845	.90292
739.659199	.90164
740.623553	.90071
741.587906	.90045
742.552260	.90008
743.516613	.89946
744.480967	.89883
745.445321	.8983
746.409674	.89795
747.374028	.89767
748.338381	.89747
749.302735	.89738
750.267088	.89698
751.231442	.89595
752.195796	.89455
753.160149	.89287
754.124503	.89097
755.088856	.88958
756.053210	.88906
757.017564	.88828
757.981917	.88636
758.946271	.88399
759.910624	.88187
760.874978	.88067
761.839332	.88087
762.803685	.88102
763.768039	.87995
764.732392	.87885
765.696746	.87879
766.661099	.87911
767.625453	.87862
768.589807	.87772
769.554160	.87802
770.518514	.87864
771.482867	.87823
772.447221	.87825
773.411575	.87926
774.375928	.87969
775.340282	.87884
776.304635	.87742
777.268989	.87632
778.233342	.87579
779.197696	.87556
780.162050	.87519
781.126403	.87441
782.090757	.87345
783.055110	.87299
784.019464	.87281
784.983818	.8718
785.948171	.87007
786.912525	.86841
787.876878	.86702
788.841232	.86543
789.805586	.86318
790.769939	.86079
791.734293	.85923
792.698646	.85864
793.663000	.8585
794.627353	.8585
795.591707	.85803
796.556061	.85634
797.520414	.8543
798.484768	.8531
799.449121	.85231
800.413475	.85117
801.377829	.85043
802.342182	.85052
803.306536	.85028
804.270889	.84958
805.235243	.84941
806.199596	.8499
807.163950	.85006
808.128304	.84933
809.092657	.84848
810.057011	.84821
811.021364	.84831
811.985718	.84878
812.950072	.8501
813.914425	.85161
814.878779	.85167
815.843132	.85053
816.807486	.85016
817.771839	.85058
818.736193	.85014
819.700547	.84895
820.664900	.84791
821.629254	.84712
822.593607	.84648
823.557961	.84594
824.522315	.84546
825.486668	.84478
826.451022	.84393
827.415375	.84307
828.379729	.84228
829.344083	.84231
830.308436	.84322
831.272790	.84361
832.237143	.84304
833.201497	.84218
834.165850	.8409
835.130204	.83935
836.094558	.83827
837.058911	.83732
838.023265	.83627
838.987618	.83537
839.951972	.83429
840.916326	.83288
841.880679	.83122
842.845033	.82958
843.809386	.82835
844.773740	.82694
845.738093	.82464
846.702447	.82217
847.666801	.81967
848.631154	.81645
849.595508	.81347
850.559861	.81173
851.524215	.81042
852.488569	.8085
853.452922	.80609
854.417276	.80377
855.381629	.8015
856.345983	.79938
857.310336	.79719
858.274690	.79438
859.239044	.79174
860.203397	.78957
861.167751	.78714
862.132104	.78447
863.096458	.78186
864.060812	.77905
865.025165	.77558
865.989519	.77205
866.953872	.76919
867.918226	.76613
868.882580	.76259
869.846933	.75952
870.811287	.75692
871.775640	.75418
872.739994	.7507
873.704347	.74646
874.668701	.74235
875.633055	.73859
876.597408	.7346
877.561762	.73014
878.526115	.72539
879.490469	.72072
880.454823	.71571
881.419176	.70995
882.383530	.7037
883.347883	.69615
884.312237	.68716
885.276590	.67829
886.240944	.66964
887.205298	.66015
888.169651	.64988
889.134005	.63944
890.098358	.62935
891.062712	.61996
892.027066	.61138
892.991419	.60318
893.955773	.59448
894.920126	.58539
895.884480	.57629
896.848834	.56705
897.813187	.55822
898.777541	.54978
899.741894	.54032
900.706248	.53017
901.670601	.52069
902.634955	.51158
903.599309	.50272
904.563662	.49452
905.528016	.48624
906.492369	.47747
907.456723	.46839
908.421077	.4589
909.385430	.44935
910.349784	.43961
911.314137	.42853
912.278491	.41624
913.242844	.40373
914.207198	.39053
915.171552	.37627
916.135905	.36165
917.100259	.34688
918.064612	.33203
919.028966	.31741
919.993320	.30299
920.957673	.28868
921.922027	.27452
922.886380	.26027
923.850734	.24556
924.815087	.23035
925.779441	.21535
926.743795	.20118
927.708148	.1878
928.672502	.1752
929.636855	.1634
930.601209	.15217
931.565563	.14138
932.529916	.1312
933.494270	.12194
934.458623	.11354
935.422977	.10583
936.387331	.099062
937.351684	.093432
938.316038	.088551
939.280391	.084116
940.244745	.080276
941.209098	.076845
942.173452	.073481
943.137806	.070513
944.102159	.068366
945.066513	.066764
946.030866	.065176
946.995220	.063515
947.959574	.062011
948.923927	.060828
949.888281	.059909
950.852634	.058901
951.816988	.057543
952.781341	.056014
953.745695	.054655
954.710049	.053624
955.674402	.052866
956.638756	.052289
957.603109	.051694
958.567463	.050896
959.531817	.05014
960.496170	.049615
961.460524	.049022
962.424877	.048295
963.389231	.047677
964.353584	.047107
965.317938	.04651
966.282292	.046012
967.246645	.045704
968.210999	.045583
969.175352	.045285
970.139706	.044645
971.104060	.043967
972.068413	.043241
973.032767	.042625
973.997120	.042352
974.961474	.041969
975.925828	.041356
976.890181	.040984
977.854535	.040892
978.818888	.040641
979.783242	.039979
980.747595	.039277
981.711949	.039064
982.676303	.039232
983.640656	.039232
984.605010	.03878
985.569363	.038115
986.533717	.037541
987.498071	.037161
988.462424	.037113
989.426778	.037224
990.391131	.037123
991.355485	.036915
992.319838	.036722
993.284192	.036453
994.248546	.03613
995.212899	.035871
996.177253	.035715
997.141606	.035546
998.105960	.035457
999.070314	.035612
1000.034667	.035694
1000.999021	.035414
1001.963374	.035155
1002.927728	.035226
1003.892082	.035201
1004.856435	.034938
1005.820789	.034814
1006.785142	.034837
1007.749496	.034814
1008.713849	.034665
1009.678203	.034407
1010.642557	.034212
1011.606910	.034102
1012.571264	.033952
1013.535617	.033773
1014.499971	.033642
1015.464325	.033644
1016.428678	.033794
1017.393032	.0339
1018.357385	.033756
1019.321739	.033432
1020.286092	.033341
1021.250446	.033767
1022.214800	.034247
1023.179153	.034054
1024.143507	.03338
1025.107860	.033027
1026.072214	.033207
1027.036568	.033524
1028.000921	.033619
1028.965275	.033537
1029.929628	.03372
1030.893982	.034213
1031.858335	.034388
1032.822689	.034185
1033.787043	.034187
1034.751396	.034219
1035.715750	.034055
1036.680103	.034139
1037.644457	.034314
1038.608811	.034202
1039.573164	.034224
1040.537518	.034566
1041.501871	.03485
1042.466225	.035005
1043.430579	.035145
1044.394932	.035146
1045.359286	.034903
1046.323639	.034658
1047.287993	.034672
1048.252346	.034845
1049.216700	.035148
1050.181054	.035484
1051.145407	.035525
1052.109761	.035413
1053.074114	.035365
1054.038468	.035277
1055.002822	.035229
1055.967175	.035384
1056.931529	.035576
1057.895882	.035472
1058.860236	.035295
1059.824589	.035434
1060.788943	.03562
1061.753297	.035674
1062.717650	.035768
1063.682004	.035899
1064.646357	.036054
1065.610711	.036153
1066.575065	.036052
1067.539418	.03593
1068.503772	.035978
1069.468125	.03602
1070.432479	.036099
1071.396832	.036436
1072.361186	.036696
1073.325540	.036679
1074.289893	.036652
1075.254247	.036699
1076.218600	.036966
1077.182954	.037358
1078.147308	.037467
1079.111661	.037444
1080.076015	.037452
1081.040368	.037304
1082.004722	.037277
1082.969076	.037622
1083.933429	.037905
1084.897783	.037756
1085.862136	.037438
1086.826490	.037485
1087.790843	.037842
1088.755197	.037873
1089.719551	.03763
1090.683904	.03786
1091.648258	.038605
1092.612611	.038959
1093.576965	.038643
1094.541319	.038453
1095.505672	.038752
1096.470026	.039089
1097.434379	.039227
1098.398733	.0393
1099.363086	.039242
1100.327440	.038998
1101.291794	.038824
1102.256147	.03894
1103.220501	.039344
1104.184854	.0396
1105.149208	.039481
1106.113562	.039532
1107.077915	.039935
1108.042269	.040291
1109.006622	.040281
1109.970976	.040023
1110.935330	.04008
1111.899683	.040468
1112.864037	.040756
1113.828390	.040844
1114.792744	.040736
1115.757097	.040617
1116.721451	.040689
1117.685805	.040743
1118.650158	.040767
1119.614512	.041001
1120.578865	.041298
1121.543219	.041323
1122.507573	.041158
1123.471926	.041189
1124.436280	.041481
1125.400633	.041841
1126.364987	.042165
1127.329340	.042335
1128.293694	.042363
1129.258048	.042419
1130.222401	.042568
1131.186755	.042648
1132.151108	.042488
1133.115462	.042376
1134.079816	.042619
1135.044169	.042957
1136.008523	.043031
1136.972876	.042956
1137.937230	.043108
1138.901583	.043407
1139.865937	.043472
1140.830291	.043305
1141.794644	.043137
1142.758998	.043031
1143.723351	.043026
1144.687705	.043215
1145.652059	.043656
1146.616412	.044253
1147.580766	.044605
1148.545119	.044508
1149.509473	.044336
1150.473827	.044418
1151.438180	.04465
1152.402534	.04471
1153.366887	.044557
1154.331241	.044595
1155.295594	.044879
1156.259948	.044965
1157.224302	.044843
1158.188655	.04485
1159.153009	.044959
1160.117362	.045071
1161.081716	.045249
1162.046070	.045569
1163.010423	.045961
1163.974777	.046155
1164.939130	.046121
1165.903484	.046058
1166.867837	.046141
1167.832191	.046451
1168.796545	.046684
1169.760898	.046587
1170.725252	.046441
1171.689605	.046513
1172.653959	.046741
1173.618313	.046908
1174.582666	.046851
1175.547020	.046719
1176.511373	.046847
1177.475727	.047268
1178.440080	.047558
1179.404434	.047513
1180.368788	.04748
1181.333141	.047577
1182.297495	.047664
1183.261848	.04779
1184.226202	.047869
1185.190556	.047717
1186.154909	.047473
1187.119263	.047433
1188.083616	.047627
1189.047970	.04785
1190.012324	.048048
1190.976677	.048362
1191.941031	.04869
1192.905384	.048688
1193.869738	.048542
1194.834091	.048721
1195.798445	.049087
1196.762799	.049242
1197.727152	.0491
1198.691506	.048964
1199.655859	.049191
1200.620213	.049598
1201.584567	.049813
1202.548920	.049936
1203.513274	.050006
1204.477627	.04982
1205.441981	.049612
1206.406334	.0497
1207.370688	.049999
1208.335042	.050365
1209.299395	.05057
1210.263749	.050384
1211.228102	.05006
1212.192456	.05003
1213.156810	.050253
1214.121163	.050477
1215.085517	.050606
1216.049870	.050614
1217.014224	.05061
1217.978578	.050665
1218.942931	.050751
1219.907285	.050968
1220.871638	.051214
1221.835992	.051286
1222.800345	.051325
1223.764699	.051385
1224.729053	.051456
1225.693406	.051659
1226.657760	.051769
1227.622113	.051715
1228.586467	.051934
1229.550821	.052334
1230.515174	.052441
1231.479528	.052347
1232.443881	.052295
1233.408235	.052307
1234.372588	.05248
1235.336942	.052757
1236.301296	.05287
1237.265649	.052813
1238.230003	.052816
1239.194356	.052963
1240.158710	.053201
1241.123064	.053446
1242.087417	.053555
1243.051771	.053535
1244.016124	.053613
1244.980478	.053851
1245.944831	.053976
1246.909185	.05383
1247.873539	.053681
1248.837892	.053644
1249.802246	.053663
1250.766599	.053795
1251.730953	.05384
1252.695307	.053796
1253.659660	.053923
1254.624014	.054119
1255.588367	.054235
1256.552721	.054316
1257.517075	.054416
1258.481428	.054477
1259.445782	.054526
1260.410135	.05473
1261.374489	.055058
1262.338842	.055398
1263.303196	.055672
1264.267550	.055731
1265.231903	.055483
1266.196257	.055213
1267.160610	.055327
1268.124964	.055698
1269.089318	.055987
1270.053671	.055998
1271.018025	.055791
1271.982378	.055719
1272.946732	.055874
1273.911085	.056045
1274.875439	.056153
1275.839793	.056314
1276.804146	.05654
1277.768500	.056632
1278.732853	.056676
1279.697207	.056837
1280.661561	.05683
1281.625914	.056655
1282.590268	.056744
1283.554621	.057057
1284.518975	.057255
1285.483328	.057237
1286.447682	.05716
1287.412036	.057295
1288.376389	.057618
1289.340743	.057832
1290.305096	.057748
1291.269450	.057495
1292.233804	.057495
1293.198157	.057817
1294.162511	.058045
1295.126864	.057989
1296.091218	.057817
1297.055572	.057677
1298.019925	.05769
1298.984279	.057873
1299.948632	.058
1300.912986	.058045
1301.877339	.058244
1302.841693	.058643
1303.806047	.058994
1304.770400	.059073
1305.734754	.059107
1306.699107	.05924
1307.663461	.059182
1308.627815	.059065
1309.592168	.059195
1310.556522	.059382
1311.520875	.059581
1312.485229	.059936
1313.449582	.060292
1314.413936	.060527
1315.378290	.060758
1316.342643	.060976
1317.306997	.060976
1318.271350	.060737
1319.235704	.060503
1320.200058	.060436
1321.164411	.060489
1322.128765	.060575
1323.093118	.060603
1324.057472	.06063
1325.021825	.06099
1325.986179	.061702
1326.950533	.062269
1327.914886	.062431
1328.879240	.062399
1329.843593	.062356
1330.807947	.062291
1331.772301	.062205
1332.736654	.06214
1333.701008	.062159
1334.665361	.062318
1335.629715	.062548
1336.594069	.062847
1337.558422	.063298
1338.522776	.063837
1339.487129	.064343
1340.451483	.064732
1341.415836	.06507
1342.380190	.065325
1343.344544	.065262
1344.308897	.065116
1345.273251	.065216
1346.237604	.065393
1347.201958	.06557
1348.166312	.065873
1349.130665	.066407
1350.095019	.067077
1351.059372	.067563
1352.023726	.067818
1352.988079	.067932
1353.952433	.067906
1354.916787	.067849
1355.881140	.067741
1356.845494	.067495
1357.809847	.067337
1358.774201	.067424
1359.738555	.067636
1360.702908	.067987
1361.667262	.068423
1362.631615	.068839
1363.595969	.069458
1364.560323	.070136
1365.524676	.070385
1366.489030	.070237
1367.453383	.069985
1368.417737	.069778
1369.382090	.069618
1370.346444	.069412
1371.310798	.069238
1372.275151	.069281
1373.239505	.069559
1374.203858	.070049
1375.168212	.070824
1376.132566	.071712
1377.096919	.072276
1378.061273	.072387
1379.025626	.072248
1379.989980	.072016
1380.954333	.071745
1381.918687	.071481
1382.883041	.071325
1383.847394	.071416
1384.811748	.071754
1385.776101	.071949
1386.740455	.071988
1387.704809	.072712
1388.669162	.074074
1389.633516	.074904
1390.597869	.074822
1391.562223	.07437
1392.526576	.073667
1393.490930	.072573
1394.455284	.071863
1395.419637	.072113
1396.383991	.072643
1397.348344	.072888
1398.312698	.073071
1399.277052	.073879
1400.241405	.075292
1401.205759	.076354
1402.170112	.076771
1403.134466	.076789
1404.098820	.076445
1405.063173	.076059
1406.027527	.075872
1406.991880	.075642
1407.956234	.075307
1408.920587	.075119
1409.884941	.075315
1410.849295	.075866
1411.813648	.076549
1412.778002	.077171
1413.742355	.077607
1414.706709	.077822
1415.671063	.077688
1416.635416	.076958
1417.599770	.075451
1418.564123	.073778
1419.528477	.073636
1420.492830	.074988
1421.457184	.075775
1422.421538	.075568
1423.385891	.075445
1424.350245	.076214
1425.314598	.077461
1426.278952	.078265
1427.243306	.078519
1428.207659	.078464
1429.172013	.078031
1430.136366	.077356
1431.100720	.076819
1432.065073	.076461
1433.029427	.076226
1433.993781	.076043
1434.958134	.075255
1435.922488	.074073
1436.886841	.074563
1437.851195	.076893
1438.815549	.078803
1439.779902	.079637
1440.744256	.079824
1441.708609	.079708
1442.672963	.079488
1443.637317	.079114
1444.601670	.078649
1445.566024	.078179
1446.530377	.077527
1447.494731	.077099
1448.459084	.077638
1449.423438	.078659
1450.387792	.07947
1451.352145	.080396
1452.316499	.081426
1453.280852	.08181
1454.245206	.081102
1455.209560	.079229
1456.173913	.076935
1457.138267	.076263
1458.102620	.077632
1459.066974	.079318
1460.031327	.080441
1460.995681	.081049
1461.960035	.081667
1462.924388	.08213
1463.888742	.082083
1464.853095	.08258
1465.817449	.084165
1466.781803	.085659
1467.746156	.086307
1468.710510	.086355
1469.674863	.08581
1470.639217	.084043
1471.603571	.081625
1472.567924	.080608
1473.532278	.081598
1474.496631	.082882
1475.460985	.083553
1476.425338	.084723
1477.389692	.086859
1478.354046	.088733
1479.318399	.089703
1480.282753	.090015
1481.247106	.089963
1482.211460	.089729
1483.175814	.089291
1484.140167	.088612
1485.104521	.087642
1486.068874	.086459
1487.033228	.085766
1487.997581	.085851
1488.961935	.086005
1489.926289	.086521
1490.890642	.088342
1491.854996	.090604
1492.819349	.091973
1493.783703	.092099
1494.748057	.090816
1495.712410	.089116
1496.676764	.0886
1497.641117	.088522
1498.605471	.088277
1499.569824	.088679
1500.534178	.089259
1501.498532	.089678
1502.462885	.09038
1503.427239	.090507
1504.391592	.088896
1505.355946	.086255
1506.320300	.085188
1507.284653	.087111
1508.249007	.089739
1509.213360	.091069
1510.177714	.091216
1511.142068	.090645
1512.106421	.09007
1513.070775	.090125
1514.035128	.090302
1514.999482	.090049
1515.963835	.089523
1516.928189	.089914
1517.892543	.091818
1518.856896	.092837
1519.821250	.091465
1520.785603	.08967
1521.749957	.089878
1522.714311	.091392
1523.678664	.092115
1524.643018	.091598
1525.607371	.090981
1526.571725	.090976
1527.536078	.091413
1528.500432	.092438
1529.464786	.093811
1530.429139	.09483
1531.393493	.095002
1532.357846	.094196
1533.322200	.093705
1534.286554	.094924
1535.250907	.096494
1536.215261	.096549
1537.179614	.09453
1538.143968	.090586
1539.108321	.086915
1540.072675	.086439
1541.037029	.087836
1542.001382	.089661
1542.965736	.091888
1543.930089	.093459
1544.894443	.094765
1545.858797	.096965
1546.823150	.098944
1547.787504	.099345
1548.751857	.098472
1549.716211	.097395
1550.680565	.096931
1551.644918	.09673
1552.609272	.095695
1553.573625	.094009
1554.537979	.093573
1555.502332	.094214
1556.466686	.093173
1557.431040	.090336
1558.395393	.088584
1559.359747	.089905
1560.324100	.094075
1561.288454	.098516
1562.252808	.10064
1563.217161	.10054
1564.181515	.099559
1565.145868	.098802
1566.110222	.098469
1567.074575	.097995
1568.038929	.096863
1569.003283	.095753
1569.967636	.096536
1570.931990	.098864
1571.896343	.10074
1572.860697	.1019
1573.825051	.10219
1574.789404	.10072
1575.753758	.098733
1576.718111	.09916
1577.682465	.10088
1578.646819	.10156
1579.611172	.10134
1580.575526	.10074
1581.539879	.10025
1582.504233	.10044
1583.468586	.10117
1584.432940	.10196
1585.397294	.1028
1586.361647	.10372
1587.326001	.10455
1588.290354	.10518
1589.254708	.10544
1590.219062	.10525
1591.183415	.1047
1592.147769	.10393
1593.112122	.10299
1594.076476	.10211
1595.040829	.10174
1596.005183	.10194
1596.969537	.10245
1597.933890	.10321
1598.898244	.10416
1599.862597	.10513
1600.826951	.106
1601.791305	.10673
1602.755658	.10724
1603.720012	.10733
1604.684365	.10676
1605.648719	.10575
1606.613072	.10477
1607.577426	.10408
1608.541780	.10358
1609.506133	.10325
1610.470487	.10335
1611.434840	.10395
1612.399194	.10496
1613.363548	.10614
1614.327901	.10651
1615.292255	.10513
1616.256608	.10358
1617.220962	.10481
1618.185316	.10705
1619.149669	.10758
1620.114023	.10688
1621.078376	.10559
1622.042730	.10356
1623.007083	.10185
1623.971437	.10229
1624.935791	.10415
1625.900144	.1054
1626.864498	.106
1627.828851	.10717
1628.793205	.10901
1629.757559	.11034
1630.721912	.11068
1631.686266	.11028
1632.650619	.10904
1633.614973	.1062
1634.579326	.10215
1635.543680	.10008
1636.508034	.10142
1637.472387	.10351
1638.436741	.10525
1639.401094	.1068
1640.365448	.10816
1641.329802	.10938
1642.294155	.11044
1643.258509	.11101
1644.222862	.1102
1645.187216	.10787
1646.151569	.10606
1647.115923	.106
1648.080277	.10667
1649.044630	.10732
1650.008984	.10707
1650.973337	.10448
1651.937691	.099562
1652.902045	.09692
1653.866398	.10077
1654.830752	.10643
1655.795105	.11029
1656.759459	.11248
1657.723813	.1138
1658.688166	.11443
1659.652520	.11415
1660.616873	.11272
1661.581227	.11024
1662.545580	.10834
1663.509934	.10854
1664.474288	.10969
1665.438641	.11032
1666.402995	.11039
1667.367348	.10979
1668.331702	.1088
1669.296056	.1091
1670.260409	.11092
1671.224763	.11266
1672.189116	.11397
1673.153470	.11412
1674.117823	.112
1675.082177	.1097
1676.046531	.11018
1677.010884	.11164
1677.975238	.11177
1678.939591	.11098
1679.903945	.11043
1680.868299	.11053
1681.832652	.11015
1682.797006	.10821
1683.761359	.10622
1684.725713	.10794
1685.690067	.11259
1686.654420	.11543
1687.618774	.11583
1688.583127	.11541
1689.547481	.11482
1690.511834	.11417
1691.476188	.11372
1692.440542	.11343
1693.404895	.11248
1694.369249	.10978
1695.333602	.10717
1696.297956	.10877
1697.262310	.11227
1698.226663	.11243
1699.191017	.10884
1700.155370	.10666
1701.119724	.11048
1702.084077	.1149
1703.048431	.11583
1704.012785	.11462
1704.977138	.11323
1705.941492	.11251
1706.905845	.11287
1707.870199	.11383
1708.834553	.11442
1709.798906	.11483
1710.763260	.1157
1711.727613	.11673
1712.691967	.11703
1713.656320	.11636
1714.620674	.11568
1715.585028	.1151
1716.549381	.1134
1717.513735	.1117
1718.478088	.1124
1719.442442	.11425
1720.406796	.11529
1721.371149	.11552
1722.335503	.11541
1723.299856	.11554
1724.264210	.11628
1725.228564	.11736
1726.192917	.11845
1727.157271	.11931
1728.121624	.11949
1729.085978	.11901
1730.050331	.11871
1731.014685	.11848
1731.979039	.11666
1732.943392	.11278
1733.907746	.10994
1734.872099	.11142
1735.836453	.11454
1736.800807	.11606
1737.765160	.11599
1738.729514	.11526
1739.693867	.11539
1740.658221	.11728
1741.622574	.11917
1742.586928	.11985
1743.551282	.12006
1744.515635	.12015
1745.479989	.11985
1746.444342	.11906
1747.408696	.11787
1748.373050	.1168
1749.337403	.11598
1750.301757	.11488
1751.266110	.11471
1752.230464	.11658
1753.194817	.11864
1754.159171	.11963
1755.123525	.11977
1756.087878	.11968
1757.052232	.12026
1758.016585	.12133
1758.980939	.12177
1759.945293	.12091
1760.909646	.11911
1761.874000	.11814
1762.838353	.1187
1763.802707	.11931
1764.767061	.11931
1765.731414	.11902
1766.695768	.11834
1767.660121	.11778
1768.624475	.11852
1769.588828	.11964
1770.553182	.11925
1771.517536	.11799
1772.481889	.11825
1773.446243	.12022
1774.410596	.12142
1775.374950	.12124
1776.339304	.12096
1777.303657	.12084
1778.268011	.12043
1779.232364	.11977
1780.196718	.11932
1781.161071	.11966
1782.125425	.12065
1783.089779	.12143
1784.054132	.12168
1785.018486	.12211
1785.982839	.12307
1786.947193	.12376
1787.911547	.12378
1788.875900	.12336
1789.840254	.12231
1790.804607	.12051
1791.768961	.11869
1792.733315	.11831
1793.697668	.11956
1794.662022	.1206
1795.626375	.1208
1796.590729	.12105
1797.555082	.12152
1798.519436	.12183
1799.483790	.12224
1800.448143	.12293
1801.412497	.12343
1802.376850	.12372
1803.341204	.12409
1804.305558	.12427
1805.269911	.12402
1806.234265	.1235
1807.198618	.12294
1808.162972	.12247
1809.127325	.12197
1810.091679	.12168
1811.056033	.12197
1812.020386	.12273
1812.984740	.12364
1813.949093	.12452
1814.913447	.1252
1815.877801	.12556
1816.842154	.12557
1817.806508	.12545
1818.770861	.12526
1819.735215	.12481
1820.699568	.12421
1821.663922	.12368
1822.628276	.12314
1823.592629	.12237
1824.556983	.12171
1825.521336	.12196
1826.485690	.12295
1827.450044	.1236
1828.414397	.12327
1829.378751	.12283
1830.343104	.12372
1831.307458	.12532
1832.271812	.12615
1833.236165	.12624
1834.200519	.126
1835.164872	.12547
1836.129226	.12476
1837.093579	.12418
1838.057933	.12387
1839.022287	.12385
1839.986640	.12408
1840.950994	.1244
1841.915347	.12427
1842.879701	.12324
1843.844055	.12256
1844.808408	.12391
1845.772762	.12586
1846.737115	.12663
1847.701469	.1267
1848.665822	.12673
1849.630176	.12648
1850.594530	.12577
1851.558883	.12494
1852.523237	.12446
1853.487590	.12446
1854.451944	.12477
1855.416298	.12509
1856.380651	.12538
1857.345005	.12585
1858.309358	.12658
1859.273712	.1273
1860.238065	.12763
1861.202419	.12769
1862.166773	.12779
1863.131126	.12767
1864.095480	.12721
1865.059833	.12656
1866.024187	.12559
1866.988541	.12424
1867.952894	.12296
1868.917248	.12277
1869.881601	.12394
1870.845955	.1253
1871.810309	.12634
1872.774662	.12735
1873.739016	.12814
1874.703369	.12851
1875.667723	.12867
1876.632076	.12867
1877.596430	.12835
1878.560784	.12781
1879.525137	.12726
1880.489491	.12677
1881.453844	.12649
1882.418198	.12642
1883.382552	.12634
1884.346905	.12637
1885.311259	.12681
1886.275612	.12757
1887.239966	.12814
1888.204319	.12804
1889.168673	.12783
1890.133027	.12841
1891.097380	.12923
1892.061734	.12937
1893.026087	.12884
1893.990441	.12809
1894.954795	.12757
1895.919148	.12742
1896.883502	.12724
1897.847855	.12698
1898.812209	.12702
1899.776562	.12749
1900.740916	.12817
1901.705270	.12873
1902.669623	.12911
1903.633977	.12944
1904.598330	.12988
1905.562684	.13025
1906.527038	.13014
1907.491391	.12956
1908.455745	.12889
1909.420098	.12837
1910.384452	.12812
1911.348806	.12806
1912.313159	.12799
1913.277513	.12797
1914.241866	.12814
1915.206220	.12837
1916.170573	.12835
1917.134927	.12808
1918.099281	.12831
1919.063634	.12929
1920.027988	.1302
1920.992341	.13034
1921.956695	.12985
1922.921049	.12942
1923.885402	.12935
1924.849756	.12912
1925.814109	.12861
1926.778463	.12831
1927.742816	.12837
1928.707170	.12866
1929.671524	.12915
1930.635877	.1297
1931.600231	.13015
1932.564584	.13041
1933.528938	.13066
1934.493292	.13113
1935.457645	.13159
1936.421999	.1316
1937.386352	.13123
1938.350706	.13075
1939.315060	.13028
1940.279413	.12975
1941.243767	.12892
1942.208120	.12819
1943.172474	.12835
1944.136827	.12909
1945.101181	.12959
1946.065535	.12999
1947.029888	.13065
1947.994242	.13119
1948.958595	.13148
1949.922949	.13183
1950.887303	.13201
1951.851656	.13179
1952.816010	.13151
1953.780363	.1313
1954.744717	.13104
1955.709070	.13076
1956.673424	.13049
1957.637778	.13026
1958.602131	.13026
1959.566485	.13057
1960.530838	.13105
1961.495192	.13148
1962.459546	.13182
1963.423899	.13211
1964.388253	.1322
1965.352606	.13214
1966.316960	.13202
1967.281313	.13184
1968.245667	.13161
1969.210021	.13132
1970.174374	.13095
1971.138728	.13063
1972.103081	.1305
1973.067435	.13072
1974.031789	.13117
1974.996142	.13153
1975.960496	.13171
1976.924849	.13187
1977.889203	.1322
1978.853557	.13269
1979.817910	.13307
1980.782264	.13325
1981.746617	.13331
1982.710971	.13318
1983.675324	.13284
1984.639678	.13233
1985.604032	.13171
1986.568385	.13125
1987.532739	.13123
1988.497092	.13156
1989.461446	.13183
1990.425800	.13177
1991.390153	.13175
1992.354507	.13228
1993.318860	.13298
1994.283214	.13328
1995.247567	.13335
1996.211921	.13343
1997.176275	.1334
1998.140628	.13325
1999.104982	.13302
2000.069335	.13263
2001.033689	.1322
2001.998043	.13204
2002.962396	.1322
2003.926750	.13232
2004.891103	.13235
2005.855457	.13255
2006.819810	.13292
2007.784164	.13322
2008.748518	.13351
2009.712871	.1339
2010.677225	.1342
2011.641578	.13418
2012.605932	.13396
2013.570286	.13374
2014.534639	.13337
2015.498993	.13279
2016.463346	.13243
2017.427700	.13244
2018.392054	.13251
2019.356407	.13266
2020.320761	.13301
2021.285114	.13338
2022.249468	.13359
2023.213821	.1339
2024.178175	.13448
2025.142529	.1349
2026.106882	.13489
2027.071236	.13475
2028.035589	.1347
2028.999943	.13467
2029.964297	.13447
2030.928650	.13401
2031.893004	.13349
2032.857357	.13316
2033.821711	.13309
2034.786064	.13327
2035.750418	.13359
2036.714772	.13386
2037.679125	.13407
2038.643479	.13442
2039.607832	.13488
2040.572186	.13514
2041.536540	.13524
2042.500893	.13536
2043.465247	.13527
2044.429600	.13486
2045.393954	.13444
2046.358308	.13414
2047.322661	.1338
2048.287015	.13346
2049.251368	.1335
2050.215722	.13391
2051.180075	.13421
2052.144429	.13437
2053.108783	.13469
2054.073136	.13519
2055.037490	.13554
2056.001843	.13555
2056.966197	.13536
2057.930551	.13522
2058.894904	.1351
2059.859258	.13479
2060.823611	.13437
2061.787965	.13413
2062.752318	.13413
2063.716672	.13416
2064.681026	.13418
2065.645379	.13432
2066.609733	.13468
2067.574086	.13511
2068.538440	.13541
2069.502794	.13568
2070.467147	.13597
2071.431501	.13605
2072.395854	.13587
2073.360208	.1357
2074.324561	.13565
2075.288915	.13542
2076.253269	.13502
2077.217622	.13469
2078.181976	.13444
2079.146329	.13434
2080.110683	.13447
2081.075037	.13476
2082.039390	.13509
2083.003744	.13537
2083.968097	.13565
2084.932451	.136
2085.896805	.13631
2086.861158	.13638
2087.825512	.13624
2088.789865	.13603
2089.754219	.13579
2090.718572	.13556
2091.682926	.13534
2092.647280	.13513
2093.611633	.13518
2094.575987	.1354
2095.540340	.13537
2096.504694	.13524
2097.469048	.13539
2098.433401	.13567
2099.397755	.13605
2100.362108	.13657
2101.326462	.1369
2102.290815	.13688
2103.255169	.1367
2104.219523	.13652
2105.183876	.13636
2106.148230	.13613
2107.112583	.13586
2108.076937	.13579
2109.041291	.13585
2110.005644	.13583
2110.969998	.13577
2111.934351	.13571
2112.898705	.13573
2113.863058	.13603
2114.827412	.13654
2115.791766	.13695
2116.756119	.13711
2117.720473	.13715
2118.684826	.13717
2119.649180	.13705
2120.613534	.13685
2121.577887	.13673
2122.542241	.13652
2123.506594	.13623
2124.470948	.13603
2125.435302	.13606
2126.399655	.13626
2127.364009	.13644
2128.328362	.1366
2129.292716	.1368
2130.257069	.13701
2131.221423	.13729
2132.185777	.13757
2133.150130	.13775
2134.114484	.13785
2135.078837	.13774
2136.043191	.13748
2137.007545	.13709
2137.971898	.13664
2138.936252	.13646
2139.900605	.13661
2140.864959	.13674
2141.829312	.13675
2142.793666	.13673
2143.758020	.13676
2144.722373	.13705
2145.686727	.13758
2146.651080	.13808
2147.615434	.13834
2148.579788	.13836
2149.544141	.13822
2150.508495	.138
2151.472848	.1379
2152.437202	.13784
2153.401556	.13745
2154.365909	.13691
2155.330263	.13669
2156.294616	.13677
2157.258970	.13695
2158.223323	.1372
2159.187677	.13757
2160.152031	.13793
2161.116384	.13819
2162.080738	.13841
2163.045091	.13869
2164.009445	.13888
2164.973799	.13877
2165.938152	.13844
2166.902506	.13812
2167.866859	.13785
2168.831213	.1376
2169.795566	.13739
2170.759920	.13735
2171.724274	.13747
2172.688627	.13752
2173.652981	.13748
2174.617334	.13761
2175.581688	.138
2176.546042	.13847
2177.510395	.1388
2178.474749	.13897
2179.439102	.13899
2180.403456	.1389
2181.367809	.13879
2182.332163	.13872
2183.296517	.13854
2184.260870	.13812
2185.225224	.13765
2186.189577	.13751
2187.153931	.13775
2188.118285	.13795
2189.082638	.13787
2190.046992	.13793
2191.011345	.13846
2191.975699	.13892
2192.940053	.13892
2193.904406	.13898
2194.868760	.1393
2195.833113	.13933
2196.797467	.139
2197.761820	.13875
2198.726174	.13867
2199.690528	.13861
2200.654881	.13842
2201.619235	.13818
2202.583588	.13823
2203.547942	.13855
2204.512296	.13876
2205.476649	.1388
2206.441003	.13882
2207.405356	.13888
2208.369710	.13902
2209.334063	.13931
2210.298417	.13965
2211.262771	.13975
2212.227124	.13953
2213.191478	.13919
2214.155831	.13885
2215.120185	.13859
2216.084539	.13847
2217.048892	.13841
2218.013246	.13828
2218.977599	.13822
2219.941953	.13851
2220.906306	.13902
2221.870660	.13934
2222.835014	.13947
2223.799367	.13958
2224.763721	.13968
2225.728074	.13976
2226.692428	.13982
2227.656782	.13984
2228.621135	.13977
2229.585489	.13953
2230.549842	.13925
2231.514196	.13916
2232.478550	.13911
2233.442903	.13886
2234.407257	.13866
2235.371610	.13878
2236.335964	.13905
2237.300317	.13943
2238.264671	.13986
2239.229025	.14019
2240.193378	.14038
2241.157732	.14038
2242.122085	.14032
2243.086439	.14033
2244.050793	.14012
2245.015146	.13961
2245.979500	.1392
2246.943853	.13902
2247.908207	.139
2248.872560	.13907
2249.836914	.139
2250.801268	.13898
2251.765621	.1393
2252.729975	.1397
2253.694328	.13986
2254.658682	.13983
2255.623036	.13991
2256.587389	.1401
2257.551743	.14004
2258.516096	.13985
2259.480450	.13973
2260.444804	.13944
2261.409157	.13899
2262.373511	.13869
2263.337864	.13856
2264.302218	.13861
2265.266571	.1387
2266.230925	.13861
2267.195279	.13858
2268.159632	.139
2269.123986	.13965
2270.088339	.14001
2271.052693	.14015
2272.017047	.14037
2272.981400	.14058
2273.945754	.14047
2274.910107	.14001
2275.874461	.13956
2276.838814	.13937
2277.803168	.13928
2278.767522	.13919
2279.731875	.13913
2280.696229	.13914
2281.660582	.1393
2282.624936	.13962
2283.589290	.14002
2284.553643	.14044
2285.517997	.14061
2286.482350	.14046
2287.446704	.14034
2288.411057	.14035
2289.375411	.14019
2290.339765	.13977
2291.304118	.13937
2292.268472	.13902
2293.232825	.13858
2294.197179	.13816
2295.161533	.13791
2296.125886	.13779
2297.090240	.13779
2298.054593	.13783
2299.018947	.13782
2299.983301	.13792
2300.947654	.1381
2301.912008	.13813
2302.876361	.13799
2303.840715	.13767
2304.805068	.13728
2305.769422	.13694
2306.733776	.13643
2307.698129	.13572
2308.662483	.13512
2309.626836	.13452
2310.591190	.13377
2311.555544	.13345
2312.519897	.13367
2313.484251	.13379
2314.448604	.13361
2315.412958	.13321
2316.377311	.13276
2317.341665	.13249
2318.306019	.13209
2319.270372	.13121
2320.234726	.13028
2321.199079	.12986
2322.163433	.12952
2323.127787	.12866
2324.092140	.12788
2325.056494	.12781
2326.020847	.12798
2326.985201	.12775
2327.949554	.12732
2328.913908	.12705
2329.878262	.12674
2330.842615	.1266
2331.806969	.12704
2332.771322	.1277
2333.735676	.12812
2334.700030	.12781
2335.664383	.12681
2336.628737	.12603
2337.593090	.12571
2338.557444	.12535
2339.521798	.12508
2340.486151	.12543
2341.450505	.12588
2342.414858	.12566
2343.379212	.12539
2344.343565	.12573
2345.307919	.12676
2346.272273	.12868
2347.236626	.13094
2348.200980	.13206
2349.165333	.13146
2350.129687	.12996
2351.094041	.12851
2352.058394	.1269
2353.022748	.125
2353.987101	.12376
2354.951455	.12284
2355.915808	.12123
2356.880162	.11964
2357.844516	.11948
2358.808869	.12006
2359.773223	.11956
2360.737576	.11886
2361.701930	.11952
2362.666284	.12051
2363.630637	.12099
2364.594991	.12175
2365.559344	.12323
2366.523698	.12481
2367.488052	.1258
2368.452405	.1265
2369.416759	.12739
2370.381112	.12819
2371.345466	.12885
2372.309819	.12991
2373.274173	.13108
2374.238527	.13177
2375.202880	.13248
2376.167234	.1336
2377.131587	.13492
2378.095941	.13644
2379.060295	.13805
2380.024648	.13921
2380.989002	.13982
2381.953355	.14021
2382.917709	.14056
2383.882062	.14099
2384.846416	.1414
2385.810770	.14148
2386.775123	.14124
2387.739477	.141
2388.703830	.14099
2389.668184	.14122
2390.632538	.14151
2391.596891	.14166
2392.561245	.14184
2393.525598	.14229
2394.489952	.14275
2395.454305	.14285
2396.418659	.14272
2397.383013	.14265
2398.347366	.14272
2399.311720	.14277
2400.276073	.14268
2401.240427	.14244
2402.204781	.14202
2403.169134	.14156
2404.133488	.14131
2405.097841	.14136
2406.062195	.14159
2407.026549	.14187
2407.990902	.14209
2408.955256	.14226
2409.919609	.14254
2410.883963	.14295
2411.848316	.14329
2412.812670	.14339
2413.777024	.14318
2414.741377	.1428
2415.705731	.14254
2416.670084	.14235
2417.634438	.14201
2418.598792	.14164
2419.563145	.14136
2420.527499	.14114
2421.491852	.14129
2422.456206	.14183
2423.420559	.14229
2424.384913	.14262
2425.349267	.14309
2426.313620	.14356
2427.277974	.14362
2428.242327	.14332
2429.206681	.14314
2430.171035	.14317
2431.135388	.14311
2432.099742	.14285
2433.064095	.14249
2434.028449	.14216
2434.992802	.14196
2435.957156	.14187
2436.921510	.14188
2437.885863	.14203
2438.850217	.1423
2439.814570	.14262
2440.778924	.14288
2441.743278	.14307
2442.707631	.14338
2443.671985	.14377
2444.636338	.14394
2445.600692	.14376
2446.565046	.14343
2447.529399	.14301
2448.493753	.14264
2449.458106	.14254
2450.422460	.14259
2451.386813	.14249
2452.351167	.14233
2453.315521	.14241
2454.279874	.14266
2455.244228	.14285
2456.208581	.14316
2457.172935	.14382
2458.137289	.14443
2459.101642	.1445
2460.065996	.14429
2461.030349	.14415
2461.994703	.14402
2462.959056	.14382
2463.923410	.14357
2464.887764	.14315
2465.852117	.14268
2466.816471	.14242
2467.780824	.14239
2468.745178	.14254
2469.709532	.14289
2470.673885	.14325
2471.638239	.14351
2472.602592	.1438
2473.566946	.14406
2474.531300	.14415
2475.495653	.14416
2476.460007	.14421
2477.424360	.14412
2478.388714	.14379
2479.353067	.14339
2480.317421	.14312
2481.281775	.14289
2482.246128	.14264
2483.210482	.14254
2484.174835	.14256
2485.139189	.14258
2486.103543	.14274
2487.067896	.14315
2488.032250	.14366
2488.996603	.14415
2489.960957	.14445
2490.925310	.14448
2491.889664	.14438
2492.854018	.14429
2493.818371	.14413
2494.782725	.14378
2495.747078	.14335
2496.711432	.14301
2497.675786	.1428
2498.640139	.14275
2499.604493	.14279
2500.568846	.14282
2501.533200	.1431
2502.497553	.14369
2503.461907	.14416
2504.426261	.14439
2505.390614	.14463
2506.354968	.14488
2507.319321	.14495
2508.283675	.14485
2509.248029	.14455
2510.212382	.14401
2511.176736	.14348
2512.141089	.14313
2513.105443	.14278
2514.069797	.14259
2515.034150	.14276
2515.998504	.143
2516.962857	.14316
2517.927211	.1435
2518.891564	.14405
2519.855918	.14461
2520.820272	.14509
2521.784625	.14522
2522.748979	.14489
2523.713332	.14465
2524.677686	.14471
2525.642040	.14464
2526.606393	.1442
2527.570747	.14362
2528.535100	.14333
2529.499454	.14347
2530.463807	.14347
2531.428161	.14309
2532.392515	.14291
2533.356868	.14323
2534.321222	.14381
2535.285575	.14439
2536.249929	.14481
2537.214283	.14508
2538.178636	.14524
2539.142990	.14527
2540.107343	.14519
2541.071697	.14497
2542.036050	.1445
2543.000404	.14388
2543.964758	.1434
2544.929111	.1432
2545.893465	.14328
2546.857818	.14366
2547.822172	.14405
2548.786526	.14424
2549.750879	.14449
2550.715233	.14487
2551.679586	.14514
2552.643940	.14529
2553.608294	.14541
2554.572647	.14542
2555.537001	.14523
2556.501354	.14502
2557.465708	.14487
2558.430061	.14458
2559.394415	.14413
2560.358769	.14377
2561.323122	.14359
2562.287476	.14355
2563.251829	.14371
2564.216183	.14398
2565.180537	.14419
2566.144890	.14453
2567.109244	.14509
2568.073597	.14543
2569.037951	.14531
2570.002304	.14525
2570.966658	.14554
2571.931012	.14567
2572.895365	.14527
2573.859719	.14468
2574.824072	.14421
2575.788426	.14384
2576.752780	.14356
2577.717133	.14347
2578.681487	.14368
2579.645840	.144
2580.610194	.14431
2581.574547	.14473
2582.538901	.14519
2583.503255	.14542
2584.467608	.14551
2585.431962	.14561
2586.396315	.14572
2587.360669	.14569
2588.325023	.14523
2589.289376	.14453
2590.253730	.14414
2591.218083	.14395
2592.182437	.14368
2593.146791	.14353
2594.111144	.14365
2595.075498	.14398
2596.039851	.14442
2597.004205	.14486
2597.968558	.14527
2598.932912	.14571
2599.897266	.14608
2600.861619	.14628
2601.825973	.14625
2602.790326	.14597
2603.754680	.14562
2604.719034	.14533
2605.683387	.1449
2606.647741	.14441
2607.612094	.14403
2608.576448	.14369
2609.540801	.14353
2610.505155	.1438
2611.469509	.14433
2612.433862	.14482
2613.398216	.14515
2614.362569	.1455
2615.326923	.14588
2616.291277	.14604
2617.255630	.14596
2618.219984	.14585
2619.184337	.14575
2620.148691	.14547
2621.113045	.145
2622.077398	.14458
2623.041752	.14419
2624.006105	.14389
2624.970459	.14385
2625.934812	.14408
2626.899166	.14437
2627.863520	.14464
2628.827873	.14504
2629.792227	.1455
2630.756580	.14588
2631.720934	.14624
2632.685288	.14647
2633.649641	.14635
2634.613995	.14593
2635.578348	.14554
2636.542702	.14523
2637.507055	.14483
2638.471409	.14443
2639.435763	.1443
2640.400116	.14436
2641.364470	.1444
2642.328823	.14458
2643.293177	.14495
2644.257531	.14513
2645.221884	.1453
2646.186238	.14592
2647.150591	.14664
2648.114945	.14692
2649.079298	.14684
2650.043652	.14658
2651.008006	.14621
2651.972359	.14578
2652.936713	.14536
2653.901066	.14498
2654.865420	.14476
2655.829774	.14469
2656.794127	.1447
2657.758481	.14475
2658.722834	.14479
2659.687188	.1449
2660.651542	.14532
2661.615895	.1459
2662.580249	.14625
2663.544602	.1464
2664.508956	.14656
2665.473309	.14653
2666.437663	.1462
2667.402017	.14586
2668.366370	.14562
2669.330724	.14528
2670.295077	.14491
2671.259431	.14467
2672.223785	.14444
2673.188138	.14436
2674.152492	.14463
2675.116845	.14504
2676.081199	.14538
2677.045552	.14568
2678.009906	.14602
2678.974260	.14651
2679.938613	.14696
2680.902967	.14694
2681.867320	.14658
2682.831674	.14626
2683.796028	.14596
2684.760381	.14561
2685.724735	.14524
2686.689088	.14486
2687.653442	.1447
2688.617795	.14486
2689.582149	.14516
2690.546503	.14537
2691.510856	.1455
2692.475210	.14582
2693.439563	.14628
2694.403917	.14659
2695.368271	.14667
2696.332624	.14671
2697.296978	.14686
2698.261331	.14685
2699.225685	.1464
2700.190039	.14585
2701.154392	.14548
2702.118746	.14518
2703.083099	.14497
2704.047453	.14497
2705.011806	.14517
2705.976160	.14536
2706.940514	.14546
2707.904867	.14574
2708.869221	.14625
2709.833574	.14676
2710.797928	.14706
2711.762282	.14708
2712.726635	.14693
2713.690989	.14671
2714.655342	.14648
2715.619696	.14622
2716.584049	.14584
2717.548403	.14541
2718.512757	.14509
2719.477110	.14491
2720.441464	.14498
2721.405817	.14536
2722.370171	.14586
2723.334525	.14642
2724.298878	.14696
2725.263232	.14719
2726.227585	.14709
2727.191939	.14695
2728.156293	.1469
2729.120646	.1469
2730.085000	.14684
2731.049353	.14662
2732.013707	.14609
2732.978060	.14537
2733.942414	.14501
2734.906768	.14497
2735.871121	.14493
2736.835475	.14512
2737.799828	.14563
2738.764182	.14629
2739.728536	.14689
2740.692889	.14704
2741.657243	.14699
2742.621596	.14728
2743.585950	.14758
2744.550303	.14731
2745.514657	.14663
2746.479011	.14611
2747.443364	.14611
2748.407718	.14627
2749.372071	.14607
2750.336425	.14568
2751.300779	.1455
2752.265132	.14555
2753.229486	.14564
2754.193839	.14572
2755.158193	.146
2756.122546	.14665
2757.086900	.14731
2758.051254	.14762
2759.015607	.1475
2759.979961	.14715
2760.944314	.14679
2761.908668	.14649
2762.873022	.14622
2763.837375	.14604
2764.801729	.14585
2765.766082	.14573
2766.730436	.14595
2767.694790	.14628
2768.659143	.14636
2769.623497	.14635
2770.587850	.1466
2771.552204	.14711
2772.516557	.1474
2773.480911	.1473
2774.445265	.14729
2775.409618	.14733
2776.373972	.147
2777.338325	.14667
2778.302679	.14664
2779.267033	.14646
2780.231386	.14616
2781.195740	.14601
2782.160093	.14584
2783.124447	.14562
2784.088800	.14562
2785.053154	.14589
2786.017508	.14635
2786.981861	.14688
2787.946215	.14727
2788.910568	.14755
2789.874922	.14773
2790.839276	.14761
2791.803629	.14743
2792.767983	.14741
2793.732336	.14728
2794.696690	.14679
2795.661043	.14624
2796.625397	.14582
2797.589751	.14556
2798.554104	.14569
2799.518458	.14603
2800.482811	.14617
2801.447165	.14636
2802.411519	.14694
2803.375872	.14758
2804.340226	.14782
2805.304579	.14783
2806.268933	.14781
2807.233287	.14762
2808.197640	.14745
2809.161994	.14744
2810.126347	.14721
2811.090701	.14661
2812.055054	.1461
2813.019408	.1459
2813.983762	.14574
2814.948115	.14555
2815.912469	.14551
2816.876822	.14587
2817.841176	.1465
2818.805530	.1468
2819.769883	.14697
2820.734237	.14771
2821.698590	.1485
2822.662944	.14843
2823.627297	.14778
2824.591651	.14748
2825.556005	.1475
2826.520358	.14726
2827.484712	.14676
2828.449065	.14628
2829.413419	.14586
2830.377773	.1455
2831.342126	.14529
2832.306480	.14544
2833.270833	.14613
2834.235187	.147
2835.199541	.14734
2836.163894	.14722
2837.128248	.14709
2838.092601	.14697
2839.056955	.14702
2840.021308	.14722
2840.985662	.14722
2841.950016	.14711
2842.914369	.14701
2843.878723	.14678
2844.843076	.14646
2845.807430	.14613
2846.771784	.14584
2847.736137	.14581
2848.700491	.14615
2849.664844	.1466
2850.629198	.14693
2851.593551	.14737
2852.557905	.14806
2853.522259	.14873
2854.486612	.14906
2855.450966	.14892
2856.415319	.1486
2857.379673	.14826
2858.344027	.14763
2859.308380	.14694
2860.272734	.14658
2861.237087	.14646
2862.201441	.14629
2863.165794	.14605
2864.130148	.14613
2865.094502	.14664
2866.058855	.14716
2867.023209	.14746
2867.987562	.14766
2868.951916	.14783
2869.916270	.14804
2870.880623	.14832
2871.844977	.14846
2872.809330	.14837
2873.773684	.14796
2874.738038	.14723
2875.702391	.14669
2876.666745	.14654
2877.631098	.14646
2878.595452	.14627
2879.559805	.14613
2880.524159	.14623
2881.488513	.14671
2882.452866	.14741
2883.417220	.14795
2884.381573	.14832
2885.345927	.14857
2886.310281	.1486
2887.274634	.14837
2888.238988	.14792
2889.203341	.14747
2890.167695	.14728
2891.132048	.14724
2892.096402	.14691
2893.060756	.1463
2894.025109	.14586
2894.989463	.14585
2895.953816	.14631
2896.918170	.14703
2897.882524	.14759
2898.846877	.14776
2899.811231	.14777
2900.775584	.14792
2901.739938	.14824
2902.704291	.14845
2903.668645	.1484
2904.632999	.14808
2905.597352	.14754
2906.561706	.14698
2907.526059	.14652
2908.490413	.14613
2909.454767	.14573
2910.419120	.14541
2911.383474	.14554
2912.347827	.14626
2913.312181	.14697
2914.276535	.14726
2915.240888	.14753
2916.205242	.14786
2917.169595	.14807
2918.133949	.1482
2919.098302	.14828
2920.062656	.14805
2921.027010	.14748
2921.991363	.14709
2922.955717	.14722
2923.920070	.14721
2924.884424	.14668
2925.848778	.14615
2926.813131	.14605
2927.777485	.14643
2928.741838	.14717
2929.706192	.14784
2930.670545	.14821
2931.634899	.1484
2932.599253	.1485
2933.563606	.14865
2934.527960	.14874
2935.492313	.14851
2936.456667	.14814
2937.421021	.14789
2938.385374	.14775
2939.349728	.14755
2940.314081	.14719
2941.278435	.14685
2942.242789	.14681
2943.207142	.14691
2944.171496	.14703
2945.135849	.14742
2946.100203	.14801
2947.064556	.14835
2948.028910	.14845
2948.993264	.14859
2949.957617	.14878
2950.921971	.14883
2951.886324	.14872
2952.850678	.14857
2953.815032	.14834
2954.779385	.14785
2955.743739	.14734
2956.708092	.14726
2957.672446	.14759
2958.636799	.14773
2959.601153	.14742
2960.565507	.14715
2961.529860	.14743
2962.494214	.14806
2963.458567	.14854
2964.422921	.14864
2965.387275	.14849
2966.351628	.14844
2967.315982	.14853
2968.280335	.14848
2969.244689	.14823
2970.209042	.14799
2971.173396	.14771
2972.137750	.14734
2973.102103	.1473
2974.066457	.14773
2975.030810	.14812
2975.995164	.14811
2976.959518	.14796
2977.923871	.14803
2978.888225	.14838
2979.852578	.14892
2980.816932	.14921
2981.781286	.14918
2982.745639	.1491
2983.709993	.14913
2984.674346	.14927
2985.638700	.14915
2986.603053	.14869
2987.567407	.1483
2988.531761	.14794
2989.496114	.1476
2990.460468	.14752
2991.424821	.14756
2992.389175	.14766
2993.353529	.14802
2994.317882	.14858
2995.282236	.14912
2996.246589	.1495
2997.210943	.14954
2998.175296	.14942
2999.139650	.14948
3000.104004	.14959
3001.068357	.14941
3002.032711	.14878
3002.997064	.14806
3003.961418	.14769
3004.925772	.14759
3005.890125	.14751
3006.854479	.14755
3007.818832	.14778
3008.783186	.14812
3009.747539	.14847
3010.711893	.1489
3011.676247	.14941
3012.640600	.1496
3013.604954	.14946
3014.569307	.1494
3015.533661	.14929
3016.498015	.14901
3017.462368	.14875
3018.426722	.14847
3019.391075	.14799
3020.355429	.14747
3021.319783	.14716
3022.284136	.14726
3023.248490	.14771
3024.212843	.14811
3025.177197	.14831
3026.141550	.14854
3027.105904	.14886
3028.070258	.14913
3029.034611	.14931
3029.998965	.14945
3030.963318	.14948
3031.927672	.14919
3032.892026	.14865
3033.856379	.14823
3034.820733	.14808
3035.785086	.14815
3036.749440	.14827
3037.713793	.14813
3038.678147	.14778
3039.642501	.14754
3040.606854	.14764
3041.571208	.14812
3042.535561	.1486
3043.499915	.14895
3044.464269	.14931
3045.428622	.14952
3046.392976	.14934
3047.357329	.14899
3048.321683	.14883
3049.286037	.14884
3050.250390	.1487
3051.214744	.14834
3052.179097	.14799
3053.143451	.1478
3054.107804	.1476
3055.072158	.14742
3056.036512	.14765
3057.000865	.14836
3057.965219	.14905
3058.929572	.14936
3059.893926	.14948
3060.858280	.1496
3061.822633	.14968
3062.786987	.14958
3063.751340	.14923
3064.715694	.14879
3065.680047	.14854
3066.644401	.14836
3067.608755	.14812
3068.573108	.14798
3069.537462	.14795
3070.501815	.1479
3071.466169	.14803
3072.430523	.14848
3073.394876	.14901
3074.359230	.14927
3075.323583	.14929
3076.287937	.14936
3077.252290	.1495
3078.216644	.14947
3079.180998	.14933
3080.145351	.14916
3081.109705	.14878
3082.074058	.14841
3083.038412	.1483
3084.002766	.14817
3084.967119	.14789
3085.931473	.14764
3086.895826	.14765
3087.860180	.14811
3088.824534	.14875
3089.788887	.14914
3090.753241	.1494
3091.717594	.14978
3092.681948	.15015
3093.646301	.15024
3094.610655	.14995
3095.575009	.14941
3096.539362	.1489
3097.503716	.1487
3098.468069	.14874
3099.432423	.14872
3100.396777	.14842
3101.361130	.14792
3102.325484	.14765
3103.289837	.14783
3104.254191	.14822
3105.218544	.14863
3106.182898	.14913
3107.147252	.14969
3108.111605	.14996
3109.075959	.1499
3110.040312	.14989
3111.004666	.15004
3111.969020	.15015
3112.933373	.15003
3113.897727	.14947
3114.862080	.14867
3115.826434	.14812
3116.790787	.1479
3117.755141	.14795
3118.719495	.14821
3119.683848	.14835
3120.648202	.1484
3121.612555	.14867
3122.576909	.14905
3123.541263	.14914
3124.505616	.14903
3125.469970	.14923
3126.434323	.1496
3127.398677	.1496
3128.363031	.1493
3129.327384	.14894
3130.291738	.1486
3131.256091	.14835
3132.220445	.14808
3133.184798	.14784
3134.149152	.14796
3135.113506	.14837
3136.077859	.14866
3137.042213	.14891
3138.006566	.14928
3138.970920	.14954
3139.935274	.14975
3140.899627	.15001
3141.863981	.14989
3142.828334	.14937
3143.792688	.14907
3144.757041	.14908
3145.721395	.14907
3146.685749	.14889
3147.650102	.14854
3148.614456	.14818
3149.578809	.14803
3150.543163	.14818
3151.507517	.14849
3152.471870	.14864
3153.436224	.14874
3154.400577	.14903
3155.364931	.14935
3156.329284	.14965
3157.293638	.14995
3158.257992	.15003
3159.222345	.14992
3160.186699	.14969
3161.151052	.14929
3162.115406	.14891
3163.079760	.14851
3164.044113	.14803
3165.008467	.14798
3165.972820	.14852
3166.937174	.14876
3167.901528	.14826
3168.865881	.14802
3169.830235	.14882
3170.794588	.14988
3171.758942	.15027
3172.723295	.15007
3173.687649	.14996
3174.652003	.1501
3175.616356	.15011
3176.580710	.14988
3177.545063	.1496
3178.509417	.14932
3179.473771	.14901
3180.438124	.14876
3181.402478	.14859
3182.366831	.14835
3183.331185	.14816
3184.295538	.14823
3185.259892	.14855
3186.224246	.14897
3187.188599	.14921
3188.152953	.14924
3189.117306	.14939
3190.081660	.14977
3191.046014	.14998
3192.010367	.14981
3192.974721	.14927
3193.939074	.14857
3194.903428	.14822
3195.867782	.14836
3196.832135	.14867
3197.796489	.14873
3198.760842	.14863
3199.725196	.14898
3200.689549	.14956
3201.653903	.14977
3202.618257	.1497
3203.582610	.14976
3204.546964	.15003
3205.511317	.1502
3206.475671	.15002
3207.440025	.14979
3208.404378	.14974
3209.368732	.14949
3210.333085	.14897
3211.297439	.14852
3212.261792	.14825
3213.226146	.14812
3214.190500	.14804
3215.154853	.14804
3216.119207	.14835
3217.083560	.14893
3218.047914	.14946
3219.012268	.14971
3219.976621	.14976
3220.940975	.14965
3221.905328	.14951
3222.869682	.14951
3223.834035	.14943
3224.798389	.14922
3225.762743	.14912
3226.727096	.14911
3227.691450	.14891
3228.655803	.14869
3229.620157	.14877
3230.584511	.14903
3231.548864	.14913
3232.513218	.14903
3233.477571	.14882
3234.441925	.14889
3235.406279	.14944
3236.370632	.14987
3237.334986	.14981
3238.299339	.14967
3239.263693	.14976
3240.228046	.15011
3241.192400	.15019
3242.156754	.14946
3243.121107	.14863
3244.085461	.14857
3245.049814	.14882
3246.014168	.14872
3246.978522	.14847
3247.942875	.14858
3248.907229	.14906
3249.871582	.14964
3250.835936	.15005
3251.800289	.15017
3252.764643	.15003
3253.728997	.14986
3254.693350	.14981
3255.657704	.14966
3256.622057	.14927
3257.586411	.14897
3258.550765	.14892
3259.515118	.14893
3260.479472	.14898
3261.443825	.14911
3262.408179	.14901
3263.372532	.14879
3264.336886	.1489
3265.301240	.14934
3266.265593	.14988
3267.229947	.15016
3268.194300	.15
3269.158654	.14983
3270.123008	.14993
3271.087361	.14996
3272.051715	.14977
3273.016068	.14968
3273.980422	.14971
3274.944776	.14936
3275.909129	.14875
3276.873483	.14858
3277.837836	.1487
3278.802190	.14856
3279.766543	.14835
3280.730897	.14854
3281.695251	.14913
3282.659604	.14959
3283.623958	.14968
3284.588311	.14984
3285.552665	.15018
3286.517019	.15027
3287.481372	.14992
3288.445726	.14949
3289.410079	.14926
3290.374433	.14921
3291.338786	.14927
3292.303140	.14928
3293.267494	.14919
3294.231847	.14899
3295.196201	.14863
3296.160554	.14841
3297.124908	.14856
3298.089262	.14887
3299.053615	.14932
3300.017969	.14989
3300.982322	.15043
3301.946676	.15067
3302.911030	.15057
3303.875383	.15044
3304.839737	.15033
3305.804090	.15001
3306.768444	.14959
3307.732797	.1493
3308.697151	.14915
3309.661505	.14913
3310.625858	.14909
3311.590212	.14887
3312.554565	.14862
3313.518919	.14872
3314.483273	.14923
3315.447626	.14984
3316.411980	.15023
3317.376333	.15035
3318.340687	.15035
3319.305040	.15025
3320.269394	.15001
3321.233748	.14986
3322.198101	.1499
3323.162455	.14981
3324.126808	.14944
3325.091162	.14895
3326.055516	.14856
3327.019869	.14858
3327.984223	.14904
3328.948576	.14946
3329.912930	.14956
3330.877283	.14942
3331.841637	.14942
3332.805991	.14981
3333.770344	.15026
3334.734698	.15049
3335.699051	.15045
3336.663405	.15008
3337.627759	.14956
3338.592112	.1493
3339.556466	.14953
3340.520819	.1497
3341.485173	.14936
3342.449527	.1488
3343.413880	.14848
3344.378234	.1486
3345.342587	.14904
3346.306941	.14934
3347.271294	.14951
3348.235648	.14998
3349.200002	.15069
3350.164355	.1511
3351.128709	.15099
3352.093062	.15061
3353.057416	.15027
3354.021770	.14996
3354.986123	.14948
3355.950477	.14904
3356.914830	.149
3357.879184	.14916
3358.843537	.1491
3359.807891	.14887
3360.772245	.14881
3361.736598	.14902
3362.700952	.14937
3363.665305	.14982
3364.629659	.15021
3365.594013	.15045
3366.558366	.15074
3367.522720	.15101
3368.487073	.15083
3369.451427	.15024
3370.415780	.14986
3371.380134	.14992
3372.344488	.15014
3373.308841	.15022
3374.273195	.1499
3375.237548	.1492
3376.201902	.14869
3377.166256	.14892
3378.130609	.14957
3379.094963	.14993
3380.059316	.15025
3381.023670	.15085
3381.988024	.15123
3382.952377	.15105
3383.916731	.15066
3384.881084	.15025
3385.845438	.14989
3386.809791	.14974
3387.774145	.14963
3388.738499	.1494
3389.702852	.14922
3390.667206	.14918
3391.631559	.14917
3392.595913	.14916
3393.560267	.14932
3394.524620	.14975
3395.488974	.15022
3396.453327	.15033
3397.417681	.15007
3398.382034	.1498
3399.346388	.14979
3400.310742	.14998
3401.275095	.15012
3402.239449	.15004
3403.203802	.14976
3404.168156	.14962
3405.132510	.14969
3406.096863	.14959
3407.061217	.14921
3408.025570	.14896
3408.989924	.14914
3409.954278	.14968
3410.918631	.15034
3411.882985	.15098
3412.847338	.15124
3413.811692	.15099
3414.776045	.15069
3415.740399	.15047
3416.704753	.15026
3417.669106	.15028
3418.633460	.15019
3419.597813	.14951
3420.562167	.14875
3421.526521	.14863
3422.490874	.14888
3423.455228	.1489
3424.419581	.14875
3425.383935	.14893
3426.348288	.14956
3427.312642	.15007
3428.276996	.15012
3429.241349	.15012
3430.205703	.1503
3431.170056	.15045
3432.134410	.15046
3433.098764	.15038
3434.063117	.15022
3435.027471	.15004
3435.991824	.14995
3436.956178	.14972
3437.920531	.14933
3438.884885	.14905
3439.849239	.14894
3440.813592	.14908
3441.777946	.14955
3442.742299	.15009
3443.706653	.15052
3444.671007	.15081
3445.635360	.1509
3446.599714	.15079
3447.564067	.15077
3448.528421	.15088
3449.492775	.15063
3450.457128	.15007
3451.421482	.14981
3452.385835	.1498
3453.350189	.14978
3454.314542	.14991
3455.278896	.15009
3456.243250	.15007
3457.207603	.14986
3458.171957	.14956
3459.136310	.14965
3460.100664	.15025
3461.065018	.15058
3462.029371	.1504
3462.993725	.15028
3463.958078	.15025
3464.922432	.15013
3465.886785	.15003
3466.851139	.14992
3467.815493	.14993
3468.779846	.14988
3469.744200	.14933
3470.708553	.14878
3471.672907	.14894
3472.637261	.14951
3473.601614	.14987
3474.565968	.14992
3475.530321	.1499
3476.494675	.15005
3477.459028	.15034
3478.423382	.15063
3479.387736	.15098
3480.352089	.15112
3481.316443	.15058
3482.280796	.14956
3483.245150	.14884
3484.209504	.14883
3485.173857	.14928
3486.138211	.14974
3487.102564	.14979
3488.066918	.14972
3489.031272	.15004
3489.995625	.15042
3490.959979	.15038
3491.924332	.1502
3492.888686	.15027
3493.853039	.15053
3494.817393	.15071
3495.781747	.15069
3496.746100	.15057
3497.710454	.15036
3498.674807	.14994
3499.639161	.14953
3500.603515	.14941
3501.567868	.14951
3502.532222	.14948
3503.496575	.14916
3504.460929	.14901
3505.425282	.14923
3506.389636	.14954
3507.353990	.14977
3508.318343	.14986
3509.282697	.14986
3510.247050	.14988
3511.211404	.15007
3512.175758	.15044
3513.140111	.15083
3514.104465	.15092
3515.068818	.15051
3516.033172	.14997
3516.997526	.14973
3517.961879	.14961
3518.926233	.14953
3519.890586	.1495
3520.854940	.14932
3521.819293	.14932
3522.783647	.14974
3523.748001	.15009
3524.712354	.15005
3525.676708	.14987
3526.641061	.15007
3527.605415	.15054
3528.569769	.15064
3529.534122	.15048
3530.498476	.15041
3531.462829	.15019
3532.427183	.14993
3533.391536	.15017
3534.355890	.1506
3535.320244	.15044
3536.284597	.14988
3537.248951	.14969
3538.213304	.1499
3539.177658	.14997
3540.142012	.15009
3541.106365	.15053
3542.070719	.15078
3543.035072	.15055
3543.999426	.15015
3544.963779	.14997
3545.928133	.14991
3546.892487	.1497
3547.856840	.14933
3548.821194	.14894
3549.785547	.14881
3550.749901	.14922
3551.714255	.14957
3552.678608	.14923
3553.642962	.14909
3554.607315	.1498
3555.571669	.15049
3556.536023	.15056
3557.500376	.15042
3558.464730	.15051
3559.429083	.15073
3560.393437	.15062
3561.357790	.15
3562.322144	.14938
3563.286498	.14928
3564.250851	.14914
3565.215205	.14821
3566.179558	.14688
3567.143912	.14616
3568.108266	.14652
3569.072619	.14758
3570.036973	.14869
3571.001326	.14949
3571.965680	.15002
3572.930033	.15023
3573.894387	.1501
3574.858741	.15013
3575.823094	.15057
3576.787448	.15085
3577.751801	.15075
3578.716155	.15054
3579.680509	.15038
3580.644862	.1503
3581.609216	.15001
3582.573569	.14949
3583.537923	.14918
3584.502276	.14872
3585.466630	.14757
3586.430984	.14642
3587.395337	.14621
3588.359691	.14686
3589.324044	.14817
3590.288398	.14966
3591.252752	.15029
3592.217105	.14984
3593.181459	.14926
3594.145812	.14883
3595.110166	.14837
3596.074520	.14832
3597.038873	.14851
3598.003227	.14845
3598.967580	.14847
3599.931934	.14844
3600.896287	.14826
3601.860641	.14837
3602.824995	.14878
3603.789348	.14909
3604.753702	.14897
3605.718055	.14864
3606.682409	.14828
3607.646763	.14765
3608.611116	.14716
3609.575470	.14758
3610.539823	.14809
3611.504177	.14747
3612.468530	.14661
3613.432884	.14674
3614.397238	.14748
3615.361591	.14807
3616.325945	.14796
3617.290298	.14713
3618.254652	.14628
3619.219006	.14616
3620.183359	.14719
3621.147713	.14866
3622.112066	.14953
3623.076420	.14966
3624.040774	.14937
3625.005127	.14905
3625.969481	.14864
3626.933834	.14682
3627.898188	.14328
3628.862541	.14125
3629.826895	.14321
3630.791249	.14636
3631.755602	.14778
3632.719956	.14781
3633.684309	.148
3634.648663	.149
3635.613017	.14987
3636.577370	.14999
3637.541724	.15003
3638.506077	.15046
3639.470431	.15072
3640.434784	.15038
3641.399138	.14997
3642.363492	.15
3643.327845	.15008
3644.292199	.14956
3645.256552	.14814
3646.220906	.14603
3647.185260	.14416
3648.149613	.14296
3649.113967	.14207
3650.078320	.14222
3651.042674	.14428
3652.007027	.14726
3652.971381	.14925
3653.935735	.14926
3654.900088	.14793
3655.864442	.14686
3656.828795	.14747
3657.793149	.14907
3658.757503	.14991
3659.721856	.15004
3660.686210	.15023
3661.650563	.15044
3662.614917	.15059
3663.579271	.15062
3664.543624	.15033
3665.507978	.14975
3666.472331	.14885
3667.436685	.14751
3668.401038	.14569
3669.365392	.14391
3670.329746	.14369
3671.294099	.14583
3672.258453	.14784
3673.222806	.1469
3674.187160	.14342
3675.151514	.1409
3676.115867	.14241
3677.080221	.14564
3678.044574	.14736
3679.008928	.14828
3679.973281	.14934
3680.937635	.14982
3681.901989	.14982
3682.866342	.14991
3683.830696	.14991
3684.795049	.14948
3685.759403	.14847
3686.723757	.14672
3687.688110	.14432
3688.652464	.14302
3689.616817	.14392
3690.581171	.14552
3691.545524	.1471
3692.509878	.1485
3693.474232	.14913
3694.438585	.14944
3695.402939	.14993
3696.367292	.15009
3697.331646	.14961
3698.296000	.14885
3699.260353	.14813
3700.224707	.14737
3701.189060	.14683
3702.153414	.14747
3703.117768	.14875
3704.082121	.149
3705.046475	.14879
3706.010828	.14929
3706.975182	.14954
3707.939535	.14835
3708.903889	.1465
3709.868243	.14515
3710.832596	.14389
3711.796950	.14356
3712.761303	.14573
3713.725657	.1484
3714.690011	.14963
3715.654364	.14985
3716.618718	.14948
3717.583071	.14869
3718.547425	.14818
3719.511778	.1484
3720.476132	.14852
3721.440486	.14797
3722.404839	.14773
3723.369193	.14786
3724.333546	.14744
3725.297900	.14679
3726.262254	.14676
3727.226607	.14757
3728.190961	.14835
3729.155314	.14795
3730.119668	.14637
3731.084022	.14459
3732.048375	.14396
3733.012729	.1444
3733.977082	.14403
3734.941436	.14272
3735.905789	.14249
3736.870143	.14439
3737.834497	.14709
3738.798850	.14855
3739.763204	.14835
3740.727557	.14775
3741.691911	.1472
3742.656265	.14507
3743.620618	.14112
3744.584972	.13954
3745.549325	.14251
3746.513679	.14557
3747.478032	.14568
3748.442386	.14327
3749.406740	.14137
3750.371093	.14141
3751.335447	.14174
3752.299800	.14328
3753.264154	.14662
3754.228508	.14907
3755.192861	.14953
3756.157215	.14905
3757.121568	.14851
3758.085922	.1476
3759.050275	.14641
3760.014629	.14649
3760.978983	.14792
3761.943336	.14899
3762.907690	.14931
3763.872043	.14908
3764.836397	.14825
3765.800751	.14792
3766.765104	.14896
3767.729458	.14979
3768.693811	.14899
3769.658165	.14792
3770.622519	.14846
3771.586872	.14994
3772.551226	.15069
3773.515579	.1506
3774.479933	.15042
3775.444286	.15051
3776.408640	.15053
3777.372994	.14989
3778.337347	.14856
3779.301701	.14762
3780.266054	.14819
3781.230408	.14952
3782.194762	.1501
3783.159115	.14983
3784.123469	.14965
3785.087822	.15006
3786.052176	.15046
3787.016529	.15039
3787.980883	.15033
3788.945237	.15065
3789.909590	.15085
3790.873944	.15071
3791.838297	.1507
3792.802651	.15077
3793.767005	.15039
3794.731358	.14943
3795.695712	.14851
3796.660065	.14859
3797.624419	.14939
3798.588772	.14942
3799.553126	.14747
3800.517480	.1443
3801.481833	.14344
3802.446187	.14617
3803.410540	.1489
3804.374894	.14931
3805.339248	.14775
3806.303601	.14597
3807.267955	.14647
3808.232308	.14883
3809.196662	.15018
3810.161016	.15022
3811.125369	.15025
3812.089723	.15035
3813.054076	.15015
3814.018430	.14902
3814.982783	.14666
3815.947137	.14532
3816.911491	.14678
3817.875844	.14845
3818.840198	.14792
3819.804551	.14577
3820.768905	.14433
3821.733259	.14544
3822.697612	.1481
3823.661966	.14982
3824.626319	.14964
3825.590673	.14863
3826.555026	.14847
3827.519380	.14934
3828.483734	.14991
3829.448087	.14948
3830.412441	.14854
3831.376794	.14816
3832.341148	.14872
3833.305502	.14874
3834.269855	.14766
3835.234209	.14674
3836.198562	.14553
3837.162916	.14367
3838.127269	.14355
3839.091623	.14513
3840.055977	.14592
3841.020330	.14627
3841.984684	.14693
3842.949037	.14729
3843.913391	.14776
3844.877745	.14887
3845.842098	.14999
3846.806452	.15041
3847.770805	.15007
3848.735159	.14939
3849.699513	.14852
3850.663866	.14683
3851.628220	.14362
3852.592573	.13933
3853.556927	.13713
3854.521280	.14037
3855.485634	.14576
3856.449988	.14873
3857.414341	.14962
3858.378695	.14978
3859.343048	.14939
3860.307402	.14844
3861.271756	.14754
3862.236109	.1474
3863.200463	.14736
3864.164816	.14675
3865.129170	.14706
3866.093523	.1489
3867.057877	.15001
3868.022231	.14863
3868.986584	.14593
3869.950938	.14519
3870.915291	.14725
3871.879645	.14912
3872.843999	.14877
3873.808352	.14747
3874.772706	.14761
3875.737059	.14889
3876.701413	.14964
3877.665767	.1496
3878.630120	.1489
3879.594474	.14784
3880.558827	.14741
3881.523181	.14785
3882.487534	.14852
3883.451888	.14876
3884.416242	.14794
3885.380595	.14713
3886.344949	.148
3887.309302	.14941
3888.273656	.14983
3889.238010	.14908
3890.202363	.14749
3891.166717	.14663
3892.131070	.14755
3893.095424	.1489
3894.059777	.14956
3895.024131	.1498
3895.988485	.14987
3896.952838	.14945
3897.917192	.14831
3898.881545	.14726
3899.845899	.14702
3900.810253	.14684
3901.774606	.14638
3902.738960	.1462
3903.703313	.14628
3904.667667	.1467
3905.632020	.14782
3906.596374	.1493
3907.560728	.1504
3908.525081	.15078
3909.489435	.15076
3910.453788	.15086
3911.418142	.1511
3912.382496	.15114
3913.346849	.15092
3914.311203	.15072
3915.275556	.15038
3916.239910	.14957
3917.204264	.149
3918.168617	.14913
3919.132971	.14921
3920.097324	.1492
3921.061678	.14968
3922.026031	.1501
3922.990385	.14982
3923.954739	.14949
3924.919092	.14979
3925.883446	.15021
3926.847799	.15028
3927.812153	.15042
3928.776507	.15062
3929.740860	.15026
3930.705214	.1496
3931.669567	.14932
3932.633921	.14966
3933.598274	.15051
3934.562628	.15136
3935.526982	.15146
3936.491335	.15095
3937.455689	.15055
3938.420042	.15036
3939.384396	.15015
3940.348750	.14983
3941.313103	.14945
3942.277457	.14963
3943.241810	.15048
3944.206164	.15092
3945.170517	.15059
3946.134871	.15007
3947.099225	.14972
3948.063578	.14975
3949.027932	.15014
3949.992285	.15064
3950.956639	.15105
3951.920993	.15094
3952.885346	.15042
3953.849700	.15018
3954.814053	.15015
3955.778407	.1501
3956.742761	.15003
3957.707114	.1498
3958.671468	.14971
3959.635821	.15006
3960.600175	.1506
3961.564528	.15099
3962.528882	.15095
3963.493236	.15064
3964.457589	.15074
3965.421943	.15124
3966.386296	.15144
3967.350650	.1512
3968.315004	.15067
3969.279357	.15018
3970.243711	.15027
3971.208064	.15082
3972.172418	.15121
3973.136771	.15099
3974.101125	.15024
3975.065479	.14975
3976.029832	.15013
3976.994186	.15072
3977.958539	.15078
3978.922893	.15066
3979.887247	.15067
3980.851600	.15079
3981.815954	.15112
3982.780307	.15133
3983.744661	.15114
3984.709015	.15116
3985.673368	.15177
3986.637722	.1521
3987.602075	.15135
3988.566429	.15025
3989.530782	.14988
3990.495136	.15003
3991.459490	.15042
3992.423843	.1511
3993.388197	.15163
3994.352550	.15174
3995.316904	.15161
3996.281258	.15147
3997.245611	.15149
3998.209965	.15166
3999.174318	.15173
4000.138672	.15138