499.535156	.87107
500.499510	.86974
501.463863	.86939
502.428217	.86747
503.392571	.86339
504.356924	.8606
505.321278	.86
506.285631	.85932
507.249985	.85695
508.214339	.85409
509.178692	.85347
510.143046	.85427
511.107399	.85442
512.071753	.85497
513.036106	.85606
514.000460	.85697
514.964814	.85941
515.929167	.86412
516.893521	.869
517.857874	.87219
518.822228	.87413
519.786582	.87527
520.750935	.87616
521.715289	.87856
522.679642	.88251
523.643996	.88745
524.608349	.89411
525.572703	.9007
526.537057	.90349
527.501410	.90353
528.465764	.90504
529.430117	.90898
530.394471	.91315
531.358825	.91557
532.323178	.91731
533.287532	.92065
534.251885	.92472
535.216239	.92707
536.180593	.92786
537.144946	.92866
538.109300	.92983
539.073653	.93138
540.038007	.93316
541.002360	.93412
541.966714	.93351
542.931068	.93134
543.895421	.92866
544.859775	.92717
545.824128	.92689
546.788482	.92551
547.752836	.92156
548.717189	.91662
549.681543	.91233
550.645896	.90806
551.610250	.90433
552.574603	.90261
553.538957	.90138
554.503311	.89847
555.467664	.89393
556.432018	.88917
557.396371	.88532
558.360725	.88204
559.325079	.87849
560.289432	.87422
561.253786	.87032
562.218139	.86817
563.182493	.86646
564.146846	.86381
565.111200	.86146
566.075554	.86062
567.039907	.86052
568.004261	.86006
568.968614	.85889
569.932968	.85788
570.897322	.85863
571.861675	.86017
572.826029	.8612
573.790382	.86305
574.754736	.86639
575.719090	.87009
576.683443	.87295
577.647797	.87501
578.612150	.87752
579.576504	.8811
580.540857	.88467
581.505211	.88726
582.469565	.88984
583.433918	.89309
584.398272	.89665
585.362625	.90042
586.326979	.90405
587.291333	.90723
588.255686	.91001
589.220040	.91344
590.184393	.9184
591.148747	.9238
592.113100	.9275
593.077454	.92876
594.041808	.92958
595.006161	.93155
595.970515	.93339
596.934868	.93451
597.899222	.93584
598.863576	.93729
599.827929	.93845
600.792283	.93894
601.756636	.93835
602.720990	.93723
603.685343	.93585
604.649697	.934
605.614051	.93215
606.578404	.93099
607.542758	.92982
608.507111	.92766
609.471465	.92558
610.435819	.92366
611.400172	.92025
612.364526	.91603
613.328879	.91279
614.293233	.91065
615.257587	.90871
616.221940	.9063
617.186294	.90264
618.150647	.89723
619.115001	.89202
620.079354	.88873
621.043708	.88608
622.008062	.88311
622.972415	.88085
623.936769	.87963
624.901122	.87833
625.865476	.87623
626.829830	.87473
627.794183	.87469
628.758537	.87437
629.722890	.87309
630.687244	.87243
631.651597	.87303
632.615951	.87421
633.580305	.87612
634.544658	.87917
635.509012	.88176
636.473365	.88301
637.437719	.88488
638.402073	.88844
639.366426	.89264
640.330780	.89649
641.295133	.89988
642.259487	.90365
643.223841	.90835
644.188194	.91322
645.152548	.91733
646.116901	.9212
647.081255	.92615
648.045608	.93187
649.009962	.93618
649.974316	.93857
650.938669	.94024
651.903023	.94124
652.867376	.94212
653.831730	.94401
654.796084	.94596
655.760437	.94686
656.724791	.94702
657.689144	.9469
658.653498	.94605
659.617851	.94324
660.582205	.93906
661.546559	.93608
662.510912	.93443
663.475266	.93152
664.439619	.92739
665.403973	.92621
666.368327	.93562
667.332680	.97089
668.297034	1.0063
669.261387	.97094
670.225741	.93246
671.190094	.91258
672.154448	.90384
673.118802	.89938
674.083155	.89596
675.047509	.89237
676.011862	.88862
676.976216	.88523
677.940570	.88184
678.904923	.87765
679.869277	.87308
680.833630	.86886
681.797984	.8651
682.762338	.86181
683.726691	.85853
684.691045	.85532
685.655398	.85296
686.619752	.85109
687.584105	.84868
688.548459	.84583
689.512813	.84322
690.477166	.84107
691.441520	.83919
692.405873	.83695
693.370227	.83421
694.334581	.83139
695.298934	.82846
696.263288	.82509
697.227641	.82126
698.191995	.81715
699.156348	.81217
700.120702	.80531
701.085056	.79671
702.049409	.78701
703.013763	.77624
703.978116	.76408
704.942470	.7498
705.906824	.73237
706.871177	.71139
707.835531	.68682
708.799884	.65878
709.764238	.62735
710.728591	.59154
711.692945	.54996
712.657299	.50174
713.621652	.44575
714.586006	.38067
715.550359	.3073
716.514713	.23083
717.479067	.16028
718.443420	.10658
719.407774	.078954
720.372127	.080082
721.336481	.10256
722.300835	.13376
723.265188	.16434
724.229542	.18745
725.193895	.1976
726.158249	.19086
727.122602	.16505
728.086956	.12356
729.051310	.079683
730.015663	.05457
730.980017	.07045
731.944370	.1385
732.908724	.24533
733.873078	.35942
734.837431	.45579
735.801785	.52777
736.766138	.57956
737.730492	.61752
738.694845	.64673
739.659199	.66972
740.623553	.68724
741.587906	.70007
742.552260	.71023
743.516613	.71916
744.480967	.7265
745.445321	.73205
746.409674	.73637
747.374028	.74031
748.338381	.74437
749.302735	.7481
750.267088	.75112
751.231442	.75367
752.195796	.75618
753.160149	.75885
754.124503	.76158
755.088856	.76416
756.053210	.76648
757.017564	.76886
757.981917	.77135
758.946271	.77338
759.910624	.77498
760.874978	.7769
761.839332	.7792
762.803685	.78147
763.768039	.78365
764.732392	.78591
765.696746	.78834
766.661099	.79085
767.625453	.79345
768.589807	.79635
769.554160	.79971
770.518514	.80318
771.482867	.8063
772.447221	.80906
773.411575	.81195
774.375928	.81539
775.340282	.81863
776.304635	.82086
777.268989	.82292
778.233342	.82584
779.197696	.829
780.162050	.83127
781.126403	.83283
782.090757	.83464
783.055110	.8367
784.019464	.83811
784.983818	.83901
785.948171	.84021
786.912525	.84149
787.876878	.84224
788.841232	.8422
789.805586	.84169
790.769939	.84115
791.734293	.84027
792.698646	.83871
793.663000	.83697
794.627353	.83578
795.591707	.83494
796.556061	.83405
797.520414	.83294
798.484768	.83132
799.449121	.82933
800.413475	.8274
801.377829	.82589
802.342182	.82478
803.306536	.8236
804.270889	.82235
805.235243	.82123
806.199596	.82039
807.163950	.81992
808.128304	.81962
809.092657	.81957
810.057011	.81991
811.021364	.82007
811.985718	.82007
812.950072	.82082
813.914425	.82215
814.878779	.82312
815.843132	.82387
816.807486	.82507
817.771839	.82691
818.736193	.8289
819.700547	.8306
820.664900	.83241
821.629254	.83471
822.593607	.83742
823.557961	.84049
824.522315	.8437
825.486668	.84659
826.451022	.84917
827.415375	.85167
828.379729	.85404
829.344083	.85647
830.308436	.85941
831.272790	.86245
832.237143	.86451
833.201497	.86586
834.165850	.86766
835.130204	.87007
836.094558	.87261
837.058911	.87456
838.023265	.87542
838.987618	.87567
839.951972	.87612
840.916326	.87714
841.880679	.87841
842.845033	.87895
843.809386	.87851
844.773740	.8778
845.738093	.87722
846.702447	.87675
847.666801	.87612
848.631154	.87503
849.595508	.87371
850.559861	.87261
851.524215	.87171
852.488569	.87039
853.452922	.86848
854.417276	.86685
855.381629	.8654
856.345983	.86336
857.310336	.86128
858.274690	.85957
859.239044	.85774
860.203397	.85623
861.167751	.85534
862.132104	.85402
863.096458	.85212
864.060812	.85044
865.025165	.84886
865.989519	.84702
866.953872	.84515
867.918226	.84373
868.882580	.84282
869.846933	.84208
870.811287	.84141
871.775640	.84087
872.739994	.84032
873.704347	.83947
874.668701	.83852
875.633055	.83801
876.597408	.83786
877.561762	.83747
878.526115	.83659
879.490469	.83524
880.454823	.83341
881.419176	.83121
882.383530	.82906
883.347883	.82748
884.312237	.82613
885.276590	.824
886.240944	.82138
887.205298	.81979
888.169651	.82012
889.134005	.82241
890.098358	.82628
891.062712	.83103
892.027066	.83592
892.991419	.84054
893.955773	.84466
894.920126	.84809
895.884480	.85108
896.848834	.85415
897.813187	.85715
898.777541	.85946
899.741894	.86102
900.706248	.86251
901.670601	.86405
902.634955	.86487
903.599309	.86508
904.563662	.86515
905.528016	.86467
906.492369	.86345
907.456723	.86162
908.421077	.85958
909.385430	.85843
910.349784	.85859
911.314137	.85915
912.278491	.85916
913.242844	.85842
914.207198	.85705
915.171552	.85539
916.135905	.85391
917.100259	.85272
918.064612	.85161
919.028966	.85005
919.993320	.84797
920.957673	.84612
921.922027	.84476
922.886380	.84348
923.850734	.84205
924.815087	.8405
925.779441	.83906
926.743795	.838
927.708148	.83723
928.672502	.83647
929.636855	.83567
930.601209	.83484
931.565563	.8342
932.529916	.83399
933.494270	.83396
934.458623	.8339
935.422977	.83392
936.387331	.83425
937.351684	.83493
938.316038	.83577
939.280391	.83664
940.244745	.8375
941.209098	.83867
942.173452	.8402
943.137806	.8417
944.102159	.84308
945.066513	.84432
946.030866	.84524
946.995220	.84614
947.959574	.84747
948.923927	.84902
949.888281	.85047
950.852634	.85189
951.816988	.85327
952.781341	.85451
953.745695	.85567
954.710049	.8568
955.674402	.85785
956.638756	.85862
957.603109	.85899
958.567463	.85906
959.531817	.8589
960.496170	.85852
961.460524	.85818
962.424877	.85779
963.389231	.85704
964.353584	.85624
965.317938	.85587
966.282292	.85573
967.246645	.85528
968.210999	.85451
969.175352	.85375
970.139706	.85314
971.104060	.85256
972.068413	.85192
973.032767	.85138
973.997120	.85074
974.961474	.84968
975.925828	.84854
976.890181	.84758
977.854535	.84676
978.818888	.84588
979.783242	.8448
980.747595	.84357
981.711949	.84215
982.676303	.84076
983.640656	.83976
984.605010	.83883
985.569363	.83756
986.533717	.83619
987.498071	.83518
988.462424	.83446
989.426778	.8339
990.391131	.83353
991.355485	.83318
992.319838	.83274
993.284192	.83233
994.248546	.83199
995.212899	.83184
996.177253	.83205
997.141606	.83234
998.105960	.83237
999.070314	.83258
1000.034667	.83328
1000.999021	.83391
1001.963374	.83412
1002.927728	.83452
1003.892082	.83542
1004.856435	.83619
1005.820789	.83669
1006.785142	.83736
1007.749496	.83797
1008.713849	.83813
1009.678203	.83812
1010.642557	.83814
1011.606910	.83819
1012.571264	.83837
1013.535617	.83843
1014.499971	.83807
1015.464325	.83743
1016.428678	.83662
1017.393032	.83559
1018.357385	.83454
1019.321739	.83365
1020.286092	.8328
1021.250446	.8318
1022.214800	.83052
1023.179153	.82894
1024.143507	.8271
1025.107860	.82482
1026.072214	.82218
1027.036568	.81959
1028.000921	.81719
1028.965275	.8148
1029.929628	.81241
1030.893982	.80988
1031.858335	.80699
1032.822689	.804
1033.787043	.80131
1034.751396	.79893
1035.715750	.79642
1036.680103	.79329
1037.644457	.7898
1038.608811	.78662
1039.573164	.78374
1040.537518	.78074
1041.501871	.77771
1042.466225	.77494
1043.430579	.77226
1044.394932	.76937
1045.359286	.76644
1046.323639	.76358
1047.287993	.76029
1048.252346	.75609
1049.216700	.75141
1050.181054	.74768
1051.145407	.74614
1052.109761	.74636
1053.074114	.74667
1054.038468	.74608
1055.002822	.74482
1055.967175	.74334
1056.931529	.74168
1057.895882	.73985
1058.860236	.73797
1059.824589	.73602
1060.788943	.73401
1061.753297	.7324
1062.717650	.73145
1063.682004	.7309
1064.646357	.73062
1065.610711	.73059
1066.575065	.7308
1067.539418	.7311
1068.503772	.73113
1069.468125	.73081
1070.432479	.72998
1071.396832	.72861
1072.361186	.72703
1073.325540	.72521
1074.289893	.72318
1075.254247	.72137
1076.218600	.71974
1077.182954	.71809
1078.147308	.71658
1079.111661	.71557
1080.076015	.71523
1081.040368	.71521
1082.004722	.71518
1082.969076	.71521
1083.933429	.7155
1084.897783	.71609
1085.862136	.71684
1086.826490	.71756
1087.790843	.71828
1088.755197	.71898
1089.719551	.7198
1090.683904	.72099
1091.648258	.7222
1092.612611	.72308
1093.576965	.72398
1094.541319	.72509
1095.505672	.72612
1096.470026	.72689
1097.434379	.72749
1098.398733	.72806
1099.363086	.72865
1100.327440	.72944
1101.291794	.73017
1102.256147	.7305
1103.220501	.73064
1104.184854	.73073
1105.149208	.73062
1106.113562	.73067
1107.077915	.73103
1108.042269	.73131
1109.006622	.73148
1109.970976	.73189
1110.935330	.73255
1111.899683	.73326
1112.864037	.73402
1113.828390	.73494
1114.792744	.73596
1115.757097	.73693
1116.721451	.73782
1117.685805	.73886
1118.650158	.74022
1119.614512	.74165
1120.578865	.74285
1121.543219	.74392
1122.507573	.74514
1123.471926	.74652
1124.436280	.74795
1125.400633	.74922
1126.364987	.75019
1127.329340	.75105
1128.293694	.75193
1129.258048	.75275
1130.222401	.75367
1131.186755	.75499
1132.151108	.75669
1133.115462	.75834
1134.079816	.75969
1135.044169	.76088
1136.008523	.762
1136.972876	.76297
1137.937230	.76388
1138.901583	.76466
1139.865937	.76508
1140.830291	.76524
1141.794644	.76546
1142.758998	.76569
1143.723351	.76577
1144.687705	.76584
1145.652059	.76595
1146.616412	.76598
1147.580766	.76584
1148.545119	.7656
1149.509473	.76548
1150.473827	.76541
1151.438180	.76505
1152.402534	.76451
1153.366887	.76416
1154.331241	.76395
1155.295594	.76382
1156.259948	.76381
1157.224302	.76368
1158.188655	.76331
1159.153009	.76299
1160.117362	.76287
1161.081716	.76283
1162.046070	.76268
1163.010423	.76245
1163.974777	.76231
1164.939130	.76226
1165.903484	.76219
1166.867837	.76205
1167.832191	.7619
1168.796545	.76175
1169.760898	.76161
1170.725252	.76167
1171.689605	.76187
1172.653959	.76181
1173.618313	.76122
1174.582666	.75995
1175.547020	.75791
1176.511373	.75591
1177.475727	.75566
1178.440080	.75763
1179.404434	.76056
1180.368788	.76324
1181.333141	.76524
1182.297495	.76661
1183.261848	.76762
1184.226202	.76847
1185.190556	.76924
1186.154909	.76996
1187.119263	.77064
1188.083616	.77127
1189.047970	.77159
1190.012324	.77174
1190.976677	.77228
1191.941031	.77305
1192.905384	.77343
1193.869738	.77329
1194.834091	.77312
1195.798445	.77321
1196.762799	.77333
1197.727152	.77337
1198.691506	.77347
1199.655859	.77367
1200.620213	.77394
1201.584567	.77425
1202.548920	.77447
1203.513274	.77436
1204.477627	.77408
1205.441981	.77395
1206.406334	.77378
1207.370688	.77342
1208.335042	.77316
1209.299395	.77298
1210.263749	.7726
1211.228102	.77201
1212.192456	.77133
1213.156810	.77063
1214.121163	.76995
1215.085517	.76913
1216.049870	.76811
1217.014224	.76719
1217.978578	.76645
1218.942931	.76562
1219.907285	.76475
1220.871638	.76418
1221.835992	.76386
1222.800345	.76338
1223.764699	.76276
1224.729053	.76233
1225.693406	.76197
1226.657760	.76155
1227.622113	.76115
1228.586467	.76081
1229.550821	.76054
1230.515174	.76033
1231.479528	.76013
1232.443881	.76004
1233.408235	.76011
1234.372588	.76015
1235.336942	.76003
1236.301296	.76001
1237.265649	.76025
1238.230003	.76047
1239.194356	.76061
1240.158710	.76078
1241.123064	.76079
1242.087417	.76068
1243.051771	.76073
1244.016124	.76087
1244.980478	.76083
1245.944831	.76072
1246.909185	.7608
1247.873539	.76098
1248.837892	.76098
1249.802246	.76078
1250.766599	.76071
1251.730953	.76087
1252.695307	.7609
1253.659660	.76045
1254.624014	.75979
1255.588367	.75933
1256.552721	.75885
1257.517075	.75816
1258.481428	.75749
1259.445782	.75694
1260.410135	.7561
1261.374489	.75474
1262.338842	.75339
1263.303196	.7523
1264.267550	.7512
1265.231903	.7499
1266.196257	.7485
1267.160610	.74719
1268.124964	.74601
1269.089318	.74481
1270.053671	.74363
1271.018025	.74262
1271.982378	.74164
1272.946732	.74051
1273.911085	.73944
1274.875439	.73858
1275.839793	.7378
1276.804146	.73699
1277.768500	.73596
1278.732853	.73461
1279.697207	.73314
1280.661561	.73163
1281.625914	.73002
1282.590268	.72816
1283.554621	.72609
1284.518975	.72386
1285.483328	.72146
1286.447682	.71919
1287.412036	.71707
1288.376389	.71455
1289.340743	.71141
1290.305096	.70807
1291.269450	.70473
1292.233804	.70109
1293.198157	.69695
1294.162511	.69261
1295.126864	.68861
1296.091218	.68499
1297.055572	.68168
1298.019925	.67886
1298.984279	.67666
1299.948632	.67514
1300.912986	.67427
1301.877339	.67384
1302.841693	.6739
1303.806047	.67451
1304.770400	.67535
1305.734754	.67632
1306.699107	.67795
1307.663461	.6803
1308.627815	.68299
1309.592168	.68597
1310.556522	.68977
1311.520875	.69479
1312.485229	.70057
1313.449582	.70613
1314.413936	.71102
1315.378290	.71575
1316.342643	.7208
1317.306997	.72614
1318.271350	.73163
1319.235704	.73664
1320.200058	.74029
1321.164411	.74299
1322.128765	.74586
1323.093118	.74887
1324.057472	.75131
1325.021825	.75293
1325.986179	.75405
1326.950533	.75486
1327.914886	.75528
1328.879240	.75523
1329.843593	.75448
1330.807947	.75283
1331.772301	.75007
1332.736654	.74616
1333.701008	.74121
1334.665361	.73558
1335.629715	.72974
1336.594069	.72322
1337.558422	.71594
1338.522776	.70891
1339.487129	.70189
1340.451483	.69356
1341.415836	.68468
1342.380190	.67725
1343.344544	.67132
1344.308897	.66565
1345.273251	.65952
1346.237604	.65257
1347.201958	.64493
1348.166312	.63736
1349.130665	.63021
1350.095019	.62347
1351.059372	.61801
1352.023726	.615
1352.988079	.61475
1353.952433	.61662
1354.916787	.61921
1355.881140	.62127
1356.845494	.62226
1357.809847	.62144
1358.774201	.61837
1359.738555	.61428
1360.702908	.60954
1361.667262	.60355
1362.631615	.59555
1363.595969	.58339
1364.560323	.56853
1365.524676	.55524
1366.489030	.54467
1367.453383	.53713
1368.417737	.53291
1369.382090	.53151
1370.346444	.53355
1371.310798	.539
1372.275151	.54586
1373.239505	.5498
1374.203858	.5438
1375.168212	.52528
1376.132566	.50184
1377.096919	.48518
1378.061273	.48412
1379.025626	.50191
1379.989980	.53573
1380.954333	.5786
1381.918687	.62269
1382.883041	.6621
1383.847394	.69402
1384.811748	.71881
1385.776101	.74023
1386.740455	.76037
1387.704809	.77232
1388.669162	.77298
1389.633516	.77174
1390.597869	.77355
1391.562223	.77642
1392.526576	.7816
1393.490930	.79223
1394.455284	.80223
1395.419637	.80169
1396.383991	.79565
1397.348344	.79478
1398.312698	.79949
1399.277052	.80059
1400.241405	.79362
1401.205759	.78642
1402.170112	.78386
1403.134466	.7849
1404.098820	.78849
1405.063173	.78963
1406.027527	.78496
1406.991880	.77974
1407.956234	.77745
1408.920587	.77633
1409.884941	.775
1410.849295	.77355
1411.813648	.77186
1412.778002	.76956
1413.742355	.76713
1414.706709	.76547
1415.671063	.76543
1416.635416	.76711
1417.599770	.77276
1418.564123	.78264
1419.528477	.78046
1420.492830	.75813
1421.457184	.7371
1422.421538	.72693
1423.385891	.71977
1424.350245	.70672
1425.314598	.68735
1426.278952	.66655
1427.243306	.64553
1428.207659	.62448
1429.172013	.6028
1430.136366	.57594
1431.100720	.54462
1432.065073	.51494
1433.029427	.48851
1433.993781	.4652
1434.958134	.44918
1435.922488	.44039
1436.886841	.42522
1437.851195	.3997
1438.815549	.3777
1439.779902	.36202
1440.744256	.34888
1441.708609	.33692
1442.672963	.32622
1443.637317	.31658
1444.601670	.30735
1445.566024	.29808
1446.530377	.28917
1447.494731	.27904
1448.459084	.26425
1449.423438	.24553
1450.387792	.2251
1451.352145	.20204
1452.316499	.17541
1453.280852	.14747
1454.245206	.12245
1455.209560	.10363
1456.173913	.090474
1457.138267	.078441
1458.102620	.065483
1459.066974	.051543
1460.031327	.036542
1460.995681	.022924
1461.960035	.013133
1462.924388	.0085279
1463.888742	.0076645
1464.853095	.0081106
1465.817449	.0084113
1466.781803	.0085227
1467.746156	.0092287
1468.710510	.010534
1469.674863	.011638
1470.639217	.01072
1471.603571	.0072971
1472.567924	.0042835
1473.532278	.010221
1474.496631	.036782
1475.460985	.094877
1476.425338	.18459
1477.389692	.2794
1478.354046	.35947
1479.318399	.42656
1480.282753	.48206
1481.247106	.52623
1482.211460	.55967
1483.175814	.58553
1484.140167	.60749
1485.104521	.62791
1486.068874	.64921
1487.033228	.66951
1487.997581	.68475
1488.961935	.69927
1489.926289	.71451
1490.890642	.71954
1491.854996	.71537
1492.819349	.71439
1493.783703	.72053
1494.748057	.73518
1495.712410	.75538
1496.676764	.7658
1497.641117	.76662
1498.605471	.76945
1499.569824	.76879
1500.534178	.76508
1501.498532	.76603
1502.462885	.76987
1503.427239	.77778
1504.391592	.79886
1505.355946	.83647
1506.320300	.86876
1507.284653	.86488
1508.249007	.84117
1509.213360	.82286
1510.177714	.81349
1511.142068	.81228
1512.106421	.81501
1513.070775	.81383
1514.035128	.81284
1514.999482	.8195
1515.963835	.83274
1516.928189	.84319
1517.892543	.83901
1518.856896	.83385
1519.821250	.84748
1520.785603	.87063
1521.749957	.87389
1522.714311	.85549
1523.678664	.84091
1524.643018	.84111
1525.607371	.84517
1526.571725	.84198
1527.536078	.83736
1528.500432	.83307
1529.464786	.82724
1530.429139	.82545
1531.393493	.83146
1532.357846	.84556
1533.322200	.85886
1534.286554	.85433
1535.250907	.83902
1536.215261	.83214
1537.179614	.84155
1538.143968	.87061
1539.108321	.90711
1540.072675	.91586
1541.037029	.90382
1542.001382	.89161
1542.965736	.87537
1543.930089	.86452
1544.894443	.86222
1545.858797	.85409
1546.823150	.84189
1547.787504	.83838
1548.751857	.84486
1549.716211	.85249
1550.680565	.85132
1551.644918	.84582
1552.609272	.85
1553.573625	.86563
1554.537979	.87377
1555.502332	.86837
1556.466686	.87786
1557.431040	.91569
1558.395393	.95608
1559.359747	.96026
1560.324100	.92364
1561.288454	.87894
1562.252808	.85466
1563.217161	.85061
1564.181515	.85535
1565.145868	.85686
1566.110222	.8522
1567.074575	.85037
1568.038929	.86009
1569.003283	.8769
1569.967636	.87924
1570.931990	.86315
1571.896343	.85036
1572.860697	.84736
1573.825051	.85137
1574.789404	.86744
1575.753758	.89013
1576.718111	.88762
1577.682465	.86356
1578.646819	.84826
1579.611172	.84378
1580.575526	.84254
1581.539879	.84188
1582.504233	.84132
1583.468586	.84067
1584.432940	.84027
1585.397294	.84027
1586.361647	.84033
1587.326001	.84052
1588.290354	.84105
1589.254708	.84169
1590.219062	.84218
1591.183415	.84248
1592.147769	.84283
1593.112122	.84383
1594.076476	.84544
1595.040829	.84622
1596.005183	.84579
1596.969537	.84521
1597.933890	.84511
1598.898244	.84556
1599.862597	.84654
1600.826951	.8478
1601.791305	.84901
1602.755658	.8499
1603.720012	.84986
1604.684365	.84931
1605.648719	.84997
1606.613072	.85179
1607.577426	.85338
1608.541780	.85467
1609.506133	.85517
1610.470487	.85391
1611.434840	.8525
1612.399194	.85236
1613.363548	.85314
1614.327901	.85755
1615.292255	.87324
1616.256608	.89531
1617.220962	.89348
1618.185316	.87084
1619.149669	.85705
1620.114023	.85428
1621.078376	.85651
1622.042730	.86545
1623.007083	.87744
1623.971437	.87631
1624.935791	.86324
1625.900144	.85681
1626.864498	.86108
1627.828851	.86482
1628.793205	.85975
1629.757559	.85266
1630.721912	.8499
1631.686266	.84978
1632.650619	.85252
1633.614973	.86594
1634.579326	.89418
1635.543680	.91163
1636.508034	.89549
1637.472387	.87332
1638.436741	.85979
1639.401094	.85234
1640.365448	.84956
1641.329802	.84903
1642.294155	.84899
1643.258509	.85047
1644.222862	.85947
1645.187216	.88023
1646.151569	.89948
1647.115923	.89973
1648.080277	.88674
1649.044630	.87176
1650.008984	.86571
1650.973337	.88182
1651.937691	.92862
1652.902045	.97701
1653.866398	.95899
1654.830752	.91049
1655.795105	.87904
1656.759459	.86656
1657.723813	.86405
1658.688166	.86417
1659.652520	.86536
1660.616873	.8696
1661.581227	.8803
1662.545580	.89052
1663.509934	.88625
1664.474288	.87438
1665.438641	.86882
1666.402995	.87037
1667.367348	.87945
1668.331702	.89766
1669.296056	.91023
1670.260409	.90464
1671.224763	.894
1672.189116	.88529
1673.153470	.88231
1674.117823	.8953
1675.082177	.91226
1676.046531	.90352
1677.010884	.88279
1677.975238	.87428
1678.939591	.87685
1679.903945	.88124
1680.868299	.88279
1681.832652	.88977
1682.797006	.91363
1683.761359	.94562
1684.725713	.94689
1685.690067	.91179
1686.654420	.88507
1687.618774	.87808
1688.583127	.87841
1689.547481	.87739
1690.511834	.8738
1691.476188	.86911
1692.440542	.86648
1693.404895	.87014
1694.369249	.88788
1695.333602	.91496
1696.297956	.91566
1697.262310	.89175
1698.226663	.88717
1699.191017	.9178
1700.155370	.95285
1701.119724	.92737
1702.084077	.88275
1703.048431	.86648
1704.012785	.86959
1704.977138	.87405
1705.941492	.87323
1706.905845	.86548
1707.870199	.85432
1708.834553	.84853
1709.798906	.84828
1710.763260	.84745
1711.727613	.84636
1712.691967	.85027
1713.656320	.86173
1714.620674	.87458
1715.585028	.88237
1716.549381	.89399
1717.513735	.90967
1718.478088	.9049
1719.442442	.88141
1720.406796	.86359
1721.371149	.85715
1722.335503	.85658
1723.299856	.85692
1724.264210	.85632
1725.228564	.85621
1726.192917	.85784
1727.157271	.86031
1728.121624	.86435
1729.085978	.87134
1730.050331	.87619
1731.014685	.87616
1731.979039	.88351
1732.943392	.90881
1733.907746	.93385
1734.872099	.92086
1735.836453	.88867
1736.800807	.87113
1737.765160	.87046
1738.729514	.88089
1739.693867	.89017
1740.658221	.88417
1741.622574	.87492
1742.586928	.87548
1743.551282	.87809
1744.515635	.87619
1745.479989	.87541
1746.444342	.87941
1747.408696	.8862
1748.373050	.89152
1749.337403	.8945
1750.301757	.90074
1751.266110	.9042
1752.230464	.89309
1753.194817	.87941
1754.159171	.87489
1755.123525	.87847
1756.087878	.88635
1757.052232	.88917
1758.016585	.88329
1758.980939	.8779
1759.945293	.88043
1760.909646	.89093
1761.874000	.89716
1762.838353	.88927
1763.802707	.87907
1764.767061	.87553
1765.731414	.87653
1766.695768	.88271
1767.660121	.89195
1768.624475	.89331
1769.588828	.89001
1770.553182	.8973
1771.517536	.91443
1772.481889	.9213
1773.446243	.90721
1774.410596	.89151
1775.374950	.88598
1776.339304	.88341
1777.303657	.87993
1778.268011	.87891
1779.232364	.88147
1780.196718	.8846
1781.161071	.88314
1782.125425	.8783
1783.089779	.87728
1784.054132	.88201
1785.018486	.88561
1785.982839	.88322
1786.947193	.88001
1787.911547	.87984
1788.875900	.88231
1789.840254	.88845
1790.804607	.8988
1791.768961	.91024
1792.733315	.91178
1793.697668	.89942
1794.662022	.88853
1795.626375	.886
1796.590729	.88493
1797.555082	.88382
1798.519436	.88697
1799.483790	.89156
1800.448143	.89195
1801.412497	.88987
1802.376850	.887
1803.341204	.88246
1804.305558	.87878
1805.269911	.87744
1806.234265	.87747
1807.198618	.87793
1808.162972	.87797
1809.127325	.87906
1810.091679	.88181
1811.056033	.88215
1812.020386	.87867
1812.984740	.87506
1813.949093	.87302
1814.913447	.87217
1815.877801	.87232
1816.842154	.87297
1817.806508	.87291
1818.770861	.87192
1819.735215	.87134
1820.699568	.87174
1821.663922	.87299
1822.628276	.87521
1823.592629	.88038
1824.556983	.88845
1825.521336	.89094
1826.485690	.88538
1827.450044	.88288
1828.414397	.89002
1829.378751	.90051
1830.343104	.90105
1831.307458	.89167
1832.271812	.88492
1833.236165	.88358
1834.200519	.8835
1835.164872	.8838
1836.129226	.88525
1837.093579	.88655
1838.057933	.88623
1839.022287	.88528
1839.986640	.88534
1840.950994	.88664
1841.915347	.89055
1842.879701	.9017
1843.844055	.91551
1844.808408	.91335
1845.772762	.89896
1846.737115	.89148
1847.701469	.89077
1848.665822	.88926
1849.630176	.88689
1850.594530	.88569
1851.558883	.88517
1852.523237	.88479
1853.487590	.88471
1854.451944	.88468
1855.416298	.88434
1856.380651	.88381
1857.345005	.8836
1858.309358	.88362
1859.273712	.88326
1860.238065	.8826
1861.202419	.88203
1862.166773	.88157
1863.131126	.88106
1864.095480	.88075
1865.059833	.88153
1866.024187	.88419
1866.988541	.88876
1867.952894	.89473
1868.917248	.89806
1869.881601	.89302
1870.845955	.88369
1871.810309	.878
1872.774662	.87616
1873.739016	.87533
1874.703369	.87463
1875.667723	.87416
1876.632076	.8739
1877.596430	.87369
1878.560784	.87336
1879.525137	.87283
1880.489491	.87221
1881.453844	.87161
1882.418198	.87106
1883.382552	.87069
1884.346905	.87022
1885.311259	.86905
1886.275612	.86738
1887.239966	.86642
1888.204319	.86781
1889.168673	.86958
1890.133027	.86647
1891.097380	.85958
1892.061734	.85448
1893.026087	.85235
1893.990441	.85205
1894.954795	.85205
1895.919148	.85067
1896.883502	.84891
1897.847855	.84857
1898.812209	.84932
1899.776562	.85041
1900.740916	.85193
1901.705270	.85376
1902.669623	.85543
1903.633977	.85691
1904.598330	.85834
1905.562684	.85975
1906.527038	.8614
1907.491391	.86335
1908.455745	.8653
1909.420098	.86688
1910.384452	.86717
1911.348806	.86626
1912.313159	.86577
1913.277513	.86608
1914.241866	.86653
1915.206220	.86715
1916.170573	.87003
1917.134927	.87636
1918.099281	.87981
1919.063634	.87567
1920.027988	.87074
1920.992341	.87047
1921.956695	.87312
1922.921049	.87456
1923.885402	.8726
1924.849756	.86977
1925.814109	.86863
1926.778463	.86852
1927.742816	.86844
1928.707170	.86829
1929.671524	.8682
1930.635877	.86823
1931.600231	.86845
1932.564584	.86873
1933.528938	.86885
1934.493292	.86895
1935.457645	.86909
1936.421999	.86912
1937.386352	.86903
1938.350706	.86911
1939.315060	.86962
1940.279413	.87103
1941.243767	.87448
1942.208120	.87818
1943.172474	.87771
1944.136827	.87444
1945.101181	.87289
1946.065535	.87277
1947.029888	.87232
1947.994242	.87189
1948.958595	.87202
1949.922949	.87234
1950.887303	.87252
1951.851656	.87274
1952.816010	.87315
1953.780363	.87367
1954.744717	.87407
1955.709070	.8742
1956.673424	.87414
1957.637778	.87409
1958.602131	.87421
1959.566485	.87451
1960.530838	.87495
1961.495192	.87534
1962.459546	.87548
1963.423899	.8755
1964.388253	.87586
1965.352606	.87711
1966.316960	.8791
1967.281313	.88018
1968.245667	.87922
1969.210021	.87773
1970.174374	.87722
1971.138728	.87724
1972.103081	.87719
1973.067435	.87705
1974.031789	.87682
1974.996142	.87655
1975.960496	.87632
1976.924849	.87613
1977.889203	.87599
1978.853557	.87571
1979.817910	.87514
1980.782264	.8747
1981.746617	.87472
1982.710971	.87482
1983.675324	.8746
1984.639678	.87422
1985.604032	.87405
1986.568385	.87421
1987.532739	.87445
1988.497092	.87419
1989.461446	.87363
1990.425800	.87434
1991.390153	.87618
1992.354507	.87612
1993.318860	.87363
1994.283214	.87137
1995.247567	.87042
1996.211921	.87006
1997.176275	.86979
1998.140628	.86942
1999.104982	.86887
2000.069335	.86801
2001.033689	.86693
2001.998043	.86601
2002.962396	.86537
2003.926750	.86459
2004.891103	.86332
2005.855457	.8617
2006.819810	.85993
2007.784164	.85795
2008.748518	.85569
2009.712871	.85304
2010.677225	.84976
2011.641578	.84591
2012.605932	.84174
2013.570286	.83726
2014.534639	.83285
2015.498993	.82956
2016.463346	.82756
2017.427700	.82599
2018.392054	.82476
2019.356407	.82426
2020.320761	.82452
2021.285114	.8256
2022.249468	.82724
2023.213821	.82898
2024.178175	.83079
2025.142529	.83283
2026.106882	.83495
2027.071236	.83673
2028.035589	.83817
2028.999943	.83958
2029.964297	.84101
2030.928650	.84239
2031.893004	.84357
2032.857357	.84448
2033.821711	.84532
2034.786064	.84619
2035.750418	.84709
2036.714772	.84801
2037.679125	.84876
2038.643479	.8493
2039.607832	.85015
2040.572186	.8515
2041.536540	.85263
2042.500893	.85309
2043.465247	.85338
2044.429600	.85394
2045.393954	.85466
2046.358308	.8553
2047.322661	.85579
2048.287015	.85621
2049.251368	.85667
2050.215722	.85713
2051.180075	.85765
2052.144429	.85832
2053.108783	.859
2054.073136	.85949
2055.037490	.85984
2056.001843	.86028
2056.966197	.86094
2057.930551	.86161
2058.894904	.86216
2059.859258	.86275
2060.823611	.86336
2061.787965	.8638
2062.752318	.86426
2063.716672	.86516
2064.681026	.86626
2065.645379	.86673
2066.609733	.86684
2067.574086	.86723
2068.538440	.86764
2069.502794	.86796
2070.467147	.86846
2071.431501	.86907
2072.395854	.86966
2073.360208	.87026
2074.324561	.87077
2075.288915	.87111
2076.253269	.87138
2077.217622	.8716
2078.181976	.87195
2079.146329	.87252
2080.110683	.87299
2081.075037	.87335
2082.039390	.8737
2083.003744	.87385
2083.968097	.87385
2084.932451	.87395
2085.896805	.87405
2086.861158	.87407
2087.825512	.87427
2088.789865	.87473
2089.754219	.87504
2090.718572	.87481
2091.682926	.87426
2092.647280	.87395
2093.611633	.87408
2094.575987	.87438
2095.540340	.8744
2096.504694	.87409
2097.469048	.87377
2098.433401	.87357
2099.397755	.87333
2100.362108	.87304
2101.326462	.8729
2102.290815	.8728
2103.255169	.87244
2104.219523	.872
2105.183876	.87178
2106.148230	.8717
2107.112583	.87161
2108.076937	.87156
2109.041291	.87154
2110.005644	.87156
2110.969998	.87156
2111.934351	.87154
2112.898705	.8716
2113.863058	.87174
2114.827412	.87173
2115.791766	.87149
2116.756119	.87136
2117.720473	.87154
2118.684826	.87174
2119.649180	.87178
2120.613534	.87169
2121.577887	.87154
2122.542241	.87149
2123.506594	.87161
2124.470948	.8717
2125.435302	.87162
2126.399655	.87154
2127.364009	.87161
2128.328362	.87166
2129.292716	.87159
2130.257069	.87142
2131.221423	.8711
2132.185777	.87058
2133.150130	.86999
2134.114484	.86943
2135.078837	.86893
2136.043191	.86843
2137.007545	.86783
2137.971898	.86708
2138.936252	.86636
2139.900605	.86579
2140.864959	.86519
2141.829312	.86436
2142.793666	.8634
2143.758020	.86252
2144.722373	.86174
2145.686727	.86105
2146.651080	.86059
2147.615434	.86033
2148.579788	.86002
2149.544141	.85971
2150.508495	.85973
2151.472848	.8599
2152.437202	.85989
2153.401556	.85982
2154.365909	.85989
2155.330263	.85993
2156.294616	.85994
2157.258970	.86011
2158.223323	.86038
2159.187677	.86055
2160.152031	.86064
2161.116384	.86084
2162.080738	.86117
2163.045091	.86147
2164.009445	.86166
2164.973799	.86174
2165.938152	.86183
2166.902506	.86193
2167.866859	.86193
2168.831213	.86191
2169.795566	.86201
2170.759920	.8622
2171.724274	.8623
2172.688627	.86225
2173.652981	.86223
2174.617334	.8624
2175.581688	.86263
2176.546042	.86269
2177.510395	.86262
2178.474749	.86264
2179.439102	.86277
2180.403456	.86285
2181.367809	.86284
2182.332163	.8629
2183.296517	.86319
2184.260870	.86362
2185.225224	.86394
2186.189577	.8641
2187.153931	.86424
2188.118285	.86433
2189.082638	.8644
2190.046992	.86461
2191.011345	.86497
2191.975699	.86539
2192.940053	.86578
2193.904406	.86602
2194.868760	.86616
2195.833113	.86632
2196.797467	.86651
2197.761820	.86677
2198.726174	.86708
2199.690528	.86734
2200.654881	.86741
2201.619235	.86725
2202.583588	.8671
2203.547942	.86711
2204.512296	.86705
2205.476649	.86683
2206.441003	.86674
2207.405356	.86678
2208.369710	.86655
2209.334063	.86611
2210.298417	.86587
2211.262771	.86571
2212.227124	.86537
2213.191478	.86493
2214.155831	.86436
2215.120185	.86371
2216.084539	.86321
2217.048892	.86288
2218.013246	.86245
2218.977599	.86183
2219.941953	.86115
2220.906306	.86063
2221.870660	.86036
2222.835014	.86029
2223.799367	.86036
2224.763721	.86054
2225.728074	.86064
2226.692428	.8606
2227.656782	.8608
2228.621135	.8612
2229.585489	.86131
2230.549842	.86114
2231.514196	.86095
2232.478550	.86062
2233.442903	.85996
2234.407257	.85911
2235.371610	.85822
2236.335964	.8572
2237.300317	.85594
2238.264671	.8546
2239.229025	.85339
2240.193378	.85229
2241.157732	.8514
2242.122085	.85087
2243.086439	.85077
2244.050793	.85099
2245.015146	.85138
2245.979500	.8519
2246.943853	.85236
2247.908207	.85269
2248.872560	.85314
2249.836914	.85383
2250.801268	.85456
2251.765621	.85511
2252.729975	.85548
2253.694328	.85578
2254.658682	.85611
2255.623036	.85643
2256.587389	.85653
2257.551743	.85635
2258.516096	.8561
2259.480450	.85602
2260.444804	.85608
2261.409157	.85617
2262.373511	.85616
2263.337864	.85595
2264.302218	.8555
2265.266571	.85488
2266.230925	.85413
2267.195279	.8532
2268.159632	.85208
2269.123986	.85077
2270.088339	.84934
2271.052693	.84793
2272.017047	.84655
2272.981400	.84522
2273.945754	.84406
2274.910107	.84313
2275.874461	.84223
2276.838814	.84136
2277.803168	.84068
2278.767522	.84024
2279.731875	.83975
2280.696229	.83905
2281.660582	.83837
2282.624936	.8378
2283.589290	.83757
2284.553643	.83786
2285.517997	.83844
2286.482350	.83903
2287.446704	.83946
2288.411057	.83995
2289.375411	.84063
2290.339765	.84148
2291.304118	.84218
2292.268472	.84269
2293.232825	.84336
2294.197179	.84406
2295.161533	.84469
2296.125886	.84532
2297.090240	.84604
2298.054593	.8468
2299.018947	.84751
2299.983301	.84854
2300.947654	.84975
2301.912008	.85065
2302.876361	.85141
2303.840715	.85258
2304.805068	.85432
2305.769422	.8566
2306.733776	.85907
2307.698129	.86116
2308.662483	.86317
2309.626836	.86535
2310.591190	.86755
2311.555544	.86952
2312.519897	.87092
2313.484251	.87152
2314.448604	.8713
2315.412958	.87167
2316.377311	.87345
2317.341665	.87636
2318.306019	.88034
2319.270372	.88474
2320.234726	.88904
2321.199079	.89261
2322.163433	.8947
2323.127787	.89546
2324.092140	.89514
2325.056494	.89479
2326.020847	.89604
2326.985201	.89883
2327.949554	.90199
2328.913908	.90541
2329.878262	.90904
2330.842615	.91168
2331.806969	.91243
2332.771322	.91171
2333.735676	.91072
2334.700030	.91117
2335.664383	.91433
2336.628737	.91712
2337.593090	.91713
2338.557444	.91776
2339.521798	.92026
2340.486151	.92204
2341.450505	.92268
2342.414858	.92337
2343.379212	.9236
2344.343565	.92216
2345.307919	.91691
2346.272273	.90613
2347.236626	.89147
2348.200980	.88031
2349.165333	.88103
2350.129687	.89386
2351.094041	.91138
2352.058394	.92759
2353.022748	.94244
2353.987101	.95719
2354.951455	.9714
2355.915808	.98392
2356.880162	.99492
2357.844516	1.0041
2358.808869	1.011
2359.773223	1.0148
2360.737576	1.0161
2361.701930	1.0157
2362.666284	1.0142
2363.630637	1.0112
2364.594991	1.0068
2365.559344	1.0013
2366.523698	.99485
2367.488052	.98711
2368.452405	.97807
2369.416759	.96852
2370.381112	.95934
2371.345466	.95035
2372.309819	.94127
2373.274173	.93252
2374.238527	.9243
2375.202880	.91617
2376.167234	.9082
2377.131587	.90059
2378.095941	.89287
2379.060295	.88503
2380.024648	.87766
2380.989002	.87083
2381.953355	.86438
2382.917709	.85885
2383.882062	.85469
2384.846416	.85154
2385.810770	.84921
2386.775123	.84755
2387.739477	.8462
2388.703830	.84509
2389.668184	.84447
2390.632538	.84423
2391.596891	.84393
2392.561245	.84346
2393.525598	.84299
2394.489952	.84268
2395.454305	.84245
2396.418659	.84217
2397.383013	.84186
2398.347366	.8416
2399.311720	.84128
2400.276073	.84087
2401.240427	.84049
2402.204781	.84023
2403.169134	.83996
2404.133488	.83962
2405.097841	.83928
2406.062195	.83902
2407.026549	.83878
2407.990902	.83848
2408.955256	.83806
2409.919609	.83743
2410.883963	.83661
2411.848316	.8359
2412.812670	.83533
2413.777024	.83476
2414.741377	.83432
2415.705731	.83422
2416.670084	.83434
2417.634438	.83452
2418.598792	.835
2419.563145	.83598
2420.527499	.83715
2421.491852	.83809
2422.456206	.83895
2423.420559	.84003
2424.384913	.84122
2425.349267	.84226
2426.313620	.84316
2427.277974	.84401
2428.242327	.84469
2429.206681	.84511
2430.171035	.8455
2431.135388	.84599
2432.099742	.84638
2433.064095	.84644
2434.028449	.84642
2434.992802	.84676
2435.957156	.84735
2436.921510	.84777
2437.885863	.84802
2438.850217	.8483
2439.814570	.84855
2440.778924	.84866
2441.743278	.84874
2442.707631	.84887
2443.671985	.84889
2444.636338	.84875
2445.600692	.84854
2446.565046	.84844
2447.529399	.84847
2448.493753	.84838
2449.458106	.84815
2450.422460	.84791
2451.386813	.84764
2452.351167	.84737
2453.315521	.84723
2454.279874	.84703
2455.244228	.84674
2456.208581	.84649
2457.172935	.84612
2458.137289	.84557
2459.101642	.84509
2460.065996	.84469
2461.030349	.84436
2461.994703	.84419
2462.959056	.84398
2463.923410	.8435
2464.887764	.84288
2465.852117	.84223
2466.816471	.84144
2467.780824	.84026
2468.745178	.83868
2469.709532	.83692
2470.673885	.83512
2471.638239	.83358
2472.602592	.83263
2473.566946	.83219
2474.531300	.8321
2475.495653	.83226
2476.460007	.83254
2477.424360	.83294
2478.388714	.83346
2479.353067	.83389
2480.317421	.83401
2481.281775	.83385
2482.246128	.83369
2483.210482	.83368
2484.174835	.83357
2485.139189	.83332
2486.103543	.83314
2487.067896	.83288
2488.032250	.83235
2488.996603	.83187
2489.960957	.83174
2490.925310	.83174
2491.889664	.83137
2492.854018	.83067
2493.818371	.8301
2494.782725	.82979
2495.747078	.8294
2496.711432	.82877
2497.675786	.82804
2498.640139	.82736
2499.604493	.82678
2500.568846	.82632
2501.533200	.82574
2502.497553	.8249
2503.461907	.82411
2504.426261	.82353
2505.390614	.82287
2506.354968	.82194
2507.319321	.82087
2508.283675	.81982
2509.248029	.8189
2510.212382	.81803
2511.176736	.817
2512.141089	.81584
2513.105443	.81465
2514.069797	.81348
2515.034150	.81239
2515.998504	.81123
2516.962857	.8098
2517.927211	.80811
2518.891564	.80623
2519.855918	.80434
2520.820272	.80244
2521.784625	.80023
2522.748979	.7979
2523.713332	.79597
2524.677686	.79451
2525.642040	.79327
2526.606393	.79239
2527.570747	.79201
2528.535100	.792
2529.499454	.79229
2530.463807	.79295
2531.428161	.79375
2532.392515	.79443
2533.356868	.79521
2534.321222	.79623
2535.285575	.79714
2536.249929	.79788
2537.214283	.79855
2538.178636	.79878
2539.142990	.79838
2540.107343	.79766
2541.071697	.79669
2542.036050	.79518
2543.000404	.79312
2543.964758	.79094
2544.929111	.78881
2545.893465	.7866
2546.857818	.78454
2547.822172	.78299
2548.786526	.78191
2549.750879	.78108
2550.715233	.7803
2551.679586	.77956
2552.643940	.77912
2553.608294	.77893
2554.572647	.7785
2555.537001	.7777
2556.501354	.77687
2557.465708	.77608
2558.430061	.7752
2559.394415	.77436
2560.358769	.77359
2561.323122	.77264
2562.287476	.77154
2563.251829	.77037
2564.216183	.76901
2565.180537	.76757
2566.144890	.7662
2567.109244	.76502
2568.073597	.76401
2569.037951	.76286
2570.002304	.76131
2570.966658	.75969
2571.931012	.75823
2572.895365	.75672
2573.859719	.75513
2574.824072	.75361
2575.788426	.75209
2576.752780	.75031
2577.717133	.74848
2578.681487	.74687
2579.645840	.74531
2580.610194	.74363
2581.574547	.74189
2582.538901	.74002
2583.503255	.73804
2584.467608	.73621
2585.431962	.73464
2586.396315	.73291
2587.360669	.73073
2588.325023	.72845
2589.289376	.72641
2590.253730	.72432
2591.218083	.72202
2592.182437	.71983
2593.146791	.71786
2594.111144	.71583
2595.075498	.71372
2596.039851	.71176
2597.004205	.70999
2597.968558	.70831
2598.932912	.70659
2599.897266	.70475
2600.861619	.70288
2601.825973	.70111
2602.790326	.69929
2603.754680	.69719
2604.719034	.69494
2605.683387	.69284
2606.647741	.69083
2607.612094	.68861
2608.576448	.68606
2609.540801	.68332
2610.505155	.68055
2611.469509	.6778
2612.433862	.67503
2613.398216	.67224
2614.362569	.66935
2615.326923	.66633
2616.291277	.66322
2617.255630	.66007
2618.219984	.65697
2619.184337	.65404
2620.148691	.65105
2621.113045	.64777
2622.077398	.64441
2623.041752	.64126
2624.006105	.6381
2624.970459	.63456
2625.934812	.63095
2626.899166	.62758
2627.863520	.62424
2628.827873	.6208
2629.792227	.61736
2630.756580	.61396
2631.720934	.61074
2632.685288	.60795
2633.649641	.60574
2634.613995	.60406
2635.578348	.60292
2636.542702	.60241
2637.507055	.60249
2638.471409	.60295
2639.435763	.60362
2640.400116	.60437
2641.364470	.60516
2642.328823	.60602
2643.293177	.60699
2644.257531	.60801
2645.221884	.60886
2646.186238	.60917
2647.150591	.6089
2648.114945	.60846
2649.079298	.60793
2650.043652	.60712
2651.008006	.60617
2651.972359	.60523
2652.936713	.60416
2653.901066	.60299
2654.865420	.6019
2655.829774	.60089
2656.794127	.59997
2657.758481	.59906
2658.722834	.59812
2659.687188	.59736
2660.651542	.59685
2661.615895	.59644
2662.580249	.5963
2663.544602	.59644
2664.508956	.59653
2665.473309	.59663
2666.437663	.59693
2667.402017	.59749
2668.366370	.59836
2669.330724	.59949
2670.295077	.60083
2671.259431	.60244
2672.223785	.6042
2673.188138	.60594
2674.152492	.60762
2675.116845	.60913
2676.081199	.61047
2677.045552	.61178
2678.009906	.61321
2678.974260	.61475
2679.938613	.61616
2680.902967	.61731
2681.867320	.61822
2682.831674	.61905
2683.796028	.62005
2684.760381	.62138
2685.724735	.62286
2686.689088	.62426
2687.653442	.62559
2688.617795	.6269
2689.582149	.6282
2690.546503	.6295
2691.510856	.63081
2692.475210	.63211
2693.439563	.63323
2694.403917	.63401
2695.368271	.6345
2696.332624	.63481
2697.296978	.63493
2698.261331	.6348
2699.225685	.63435
2700.190039	.63353
2701.154392	.63236
2702.118746	.631
2703.083099	.62966
2704.047453	.62844
2705.011806	.62716
2705.976160	.62563
2706.940514	.624
2707.904867	.62248
2708.869221	.62111
2709.833574	.61974
2710.797928	.61823
2711.762282	.61678
2712.726635	.61558
2713.690989	.61428
2714.655342	.6127
2715.619696	.61122
2716.584049	.60989
2717.548403	.60845
2718.512757	.60683
2719.477110	.60503
2720.441464	.60303
2721.405817	.60086
2722.370171	.59854
2723.334525	.59612
2724.298878	.59363
2725.263232	.5911
2726.227585	.58857
2727.191939	.58608
2728.156293	.58384
2729.120646	.58203
2730.085000	.58043
2731.049353	.57899
2732.013707	.5779
2732.978060	.57704
2733.942414	.57621
2734.906768	.57546
2735.871121	.57485
2736.835475	.57436
2737.799828	.57402
2738.764182	.57387
2739.728536	.57392
2740.692889	.57417
2741.657243	.57452
2742.621596	.5749
2743.585950	.57541
2744.550303	.57605
2745.514657	.57676
2746.479011	.57746
2747.443364	.57794
2748.407718	.57805
2749.372071	.57788
2750.336425	.57761
2751.300779	.57713
2752.265132	.57615
2753.229486	.57469
2754.193839	.5731
2755.158193	.57155
2756.122546	.56986
2757.086900	.56781
2758.051254	.56543
2759.015607	.56296
2759.979961	.56059
2760.944314	.55826
2761.908668	.55584
2762.873022	.55316
2763.837375	.55034
2764.801729	.54764
2765.766082	.54511
2766.730436	.54243
2767.694790	.53928
2768.659143	.53583
2769.623497	.53229
2770.587850	.52865
2771.552204	.52484
2772.516557	.52073
2773.480911	.51624
2774.445265	.51143
2775.409618	.50661
2776.373972	.50183
2777.338325	.4967
2778.302679	.49112
2779.267033	.48542
2780.231386	.47957
2781.195740	.47323
2782.160093	.46643
2783.124447	.45962
2784.088800	.45282
2785.053154	.44568
2786.017508	.43811
2786.981861	.43027
2787.946215	.42231
2788.910568	.41433
2789.874922	.40638
2790.839276	.39842
2791.803629	.39048
2792.767983	.38258
2793.732336	.3746
2794.696690	.36665
2795.661043	.3589
2796.625397	.35121
2797.589751	.34348
2798.554104	.33592
2799.518458	.32863
2800.482811	.32141
2801.447165	.31401
2802.411519	.30655
2803.375872	.29921
2804.340226	.29188
2805.304579	.28431
2806.268933	.27656
2807.233287	.26886
2808.197640	.26128
2809.161994	.25366
2810.126347	.2459
2811.090701	.23812
2812.055054	.23026
2813.019408	.22223
2813.983762	.21402
2814.948115	.2056
2815.912469	.19697
2816.876822	.1882
2817.841176	.17939
2818.805530	.17053
2819.769883	.16147
2820.734237	.15222
2821.698590	.14294
2822.662944	.13364
2823.627297	.12414
2824.591651	.11448
2825.556005	.10479
2826.520358	.095128
2827.484712	.08549
2828.449065	.076002
2829.413419	.066752
2830.377773	.05765
2831.342126	.048905
2832.306480	.040902
2833.270833	.033408
2834.235187	.026154
2835.199541	.019484
2836.163894	.013678
2837.128248	.0089183
2838.092601	.0056284
2839.056955	.0037532
2840.021308	.0027805
2840.985662	.0023804
2841.950016	.0023098
2842.914369	.0023813
2843.878723	.0023163
2844.843076	.0021484
2845.807430	.0020047
2846.771784	.0018731
2847.736137	.0018017
2848.700491	.0018863
2849.664844	.0020182
2850.629198	.0020345
2851.593551	.0018878
2852.557905	.0016654
2853.522259	.0015418
2854.486612	.0015529
2855.450966	.0015952
2856.415319	.0016501
2857.379673	.0016909
2858.344027	.0017055
2859.308380	.0016752
2860.272734	.0015774
2861.237087	.0014243
2862.201441	.0014168
2863.165794	.0016088
2864.130148	.0017859
2865.094502	.001841
2866.058855	.0018663
2867.023209	.0019899
2867.987562	.0021976
2868.951916	.002337
2869.916270	.0024904
2870.880623	.002685
2871.844977	.0027544
2872.809330	.0027281
2873.773684	.002738
2874.738038	.0027079
2875.702391	.0026226
2876.666745	.002561
2877.631098	.0025002
2878.595452	.0023698
2879.559805	.0021312
2880.524159	.0018428
2881.488513	.0015895
2882.452866	.0013756
2883.417220	.0011956
2884.381573	.0009942
2885.345927	.0007722
2886.310281	.0006715
2887.274634	.0007703
2888.238988	.0008018
2889.203341	.0006976
2890.167695	.0006255
2891.132048	.0006624
2892.096402	.000779
2893.060756	.0007833
2894.025109	.0006029
2894.989463	.0004828
2895.953816	.0005704
2896.918170	.0007599
2897.882524	.0007885
2898.846877	.0006079
2899.811231	.0005096
2900.775584	.0006114
2901.739938	.0007344
2902.704291	.000767
2903.668645	.0007655
2904.632999	.0007617
2905.597352	.0006882
2906.561706	.0006056
2907.526059	.0006793
2908.490413	.0008164
2909.454767	.0008503
2910.419120	.0008569
2911.383474	.0009207
2912.347827	.0009614
2913.312181	.0008964
2914.276535	.0008211
2915.240888	.0007285
2916.205242	.0005141
2917.169595	.0003886
2918.133949	.0005801
2919.098302	.0007286
2920.062656	.0006938
2921.027010	.0006288
2921.991363	.0006625
2922.955717	.0008403
2923.920070	.0010099
2924.884424	.0010422
2925.848778	.001034
2926.813131	.0009969
2927.777485	.0009513
2928.741838	.0009113
2929.706192	.0008553
2930.670545	.0008246
2931.634899	.000862
2932.599253	.0008878
2933.563606	.0008496
2934.527960	.0008527
2935.492313	.0008762
2936.456667	.0008294
2937.421021	.0007307
2938.385374	.0006206
2939.349728	.0006181
2940.314081	.0007668
2941.278435	.000938
2942.242789	.0009954
2943.207142	.0009705
2944.171496	.000968
2945.135849	.0010426
2946.100203	.0011548
2947.064556	.0012807
2948.028910	.0014847
2948.993264	.0019009
2949.957617	.0024312
2950.921971	.0029146
2951.886324	.0033587
2952.850678	.0038011
2953.815032	.0043306
2954.779385	.0049813
2955.743739	.0056
2956.708092	.0061247
2957.672446	.0068138
2958.636799	.0079702
2959.601153	.0094933
2960.565507	.011264
2961.529860	.013512
2962.494214	.016383
2963.458567	.019964
2964.422921	.024547
2965.387275	.030302
2966.351628	.037254
2967.315982	.045556
2968.280335	.055336
2969.244689	.066544
2970.209042	.079086
2971.173396	.0928
2972.137750	.10756
2973.102103	.12324
2974.066457	.1395
2975.030810	.15601
2975.995164	.17276
2976.959518	.18957
2977.923871	.20614
2978.888225	.22244
2979.852578	.23849
2980.816932	.25398
2981.781286	.26875
2982.745639	.28291
2983.709993	.2964
2984.674346	.30926
2985.638700	.32157
2986.603053	.33325
2987.567407	.34431
2988.531761	.35487
2989.496114	.36498
2990.460468	.37456
2991.424821	.38364
2992.389175	.39237
2993.353529	.40077
2994.317882	.40874
2995.282236	.41629
2996.246589	.42334
2997.210943	.42995
2998.175296	.43644
2999.139650	.44284
3000.104004	.44891
3001.068357	.45465
3002.032711	.46006
3002.997064	.46512
3003.961418	.4703
3004.925772	.47567
3005.890125	.48064
3006.854479	.48507
3007.818832	.48932
3008.783186	.49343
3009.747539	.49739
3010.711893	.50131
3011.676247	.50514
3012.640600	.50869
3013.604954	.51202
3014.569307	.51554
3015.533661	.51925
3016.498015	.52264
3017.462368	.5256
3018.426722	.52846
3019.391075	.53143
3020.355429	.53441
3021.319783	.53736
3022.284136	.54028
3023.248490	.54305
3024.212843	.54578
3025.177197	.54877
3026.141550	.55193
3027.105904	.55494
3028.070258	.55782
3029.034611	.56092
3029.998965	.56447
3030.963318	.5681
3031.927672	.57149
3032.892026	.5749
3033.856379	.57838
3034.820733	.58184
3035.785086	.58559
3036.749440	.58973
3037.713793	.59389
3038.678147	.59777
3039.642501	.6016
3040.606854	.60573
3041.571208	.61015
3042.535561	.61462
3043.499915	.61875
3044.464269	.62244
3045.428622	.62623
3046.392976	.63034
3047.357329	.63426
3048.321683	.63777
3049.286037	.64101
3050.250390	.64416
3051.214744	.64727
3052.179097	.65021
3053.143451	.65296
3054.107804	.65577
3055.072158	.6587
3056.036512	.66159
3057.000865	.66423
3057.965219	.66667
3058.929572	.66909
3059.893926	.67141
3060.858280	.67358
3061.822633	.67571
3062.786987	.67789
3063.751340	.68012
3064.715694	.68214
3065.680047	.68379
3066.644401	.68535
3067.608755	.68708
3068.573108	.68881
3069.537462	.69045
3070.501815	.69205
3071.466169	.6937
3072.430523	.69539
3073.394876	.69699
3074.359230	.6984
3075.323583	.6996
3076.287937	.70082
3077.252290	.7023
3078.216644	.70388
3079.180998	.70538
3080.145351	.70692
3081.109705	.70846
3082.074058	.70987
3083.038412	.71134
3084.002766	.71317
3084.967119	.71525
3085.931473	.71736
3086.895826	.71974
3087.860180	.72266
3088.824534	.72589
3089.788887	.72912
3090.753241	.73251
3091.717594	.73634
3092.681948	.74065
3093.646301	.74536
3094.610655	.75026
3095.575009	.75518
3096.539362	.75972
3097.503716	.7638
3098.468069	.76792
3099.432423	.77209
3100.396777	.77595
3101.361130	.7794
3102.325484	.78233
3103.289837	.78483
3104.254191	.78725
3105.218544	.78953
3106.182898	.7915
3107.147252	.79351
3108.111605	.79562
3109.075959	.79749
3110.040312	.7992
3111.004666	.80089
3111.969020	.80245
3112.933373	.80385
3113.897727	.80519
3114.862080	.80659
3115.826434	.80801
3116.790787	.80938
3117.755141	.8107
3118.719495	.81167
3119.683848	.8123
3120.648202	.81339
3121.612555	.81501
3122.576909	.81627
3123.541263	.81689
3124.505616	.81758
3125.469970	.81875
3126.434323	.81985
3127.398677	.82028
3128.363031	.8205
3129.327384	.82121
3130.291738	.82214
3131.256091	.82292
3132.220445	.82376
3133.184798	.82454
3134.149152	.82496
3135.113506	.82539
3136.077859	.82598
3137.042213	.82646
3138.006566	.82695
3138.970920	.8275
3139.935274	.82791
3140.899627	.82821
3141.863981	.82863
3142.828334	.82925
3143.792688	.82985
3144.757041	.83024
3145.721395	.83054
3146.685749	.8309
3147.650102	.83132
3148.614456	.83164
3149.578809	.83191
3150.543163	.83216
3151.507517	.8323
3152.471870	.83263
3153.436224	.83321
3154.400577	.83354
3155.364931	.83361
3156.329284	.83383
3157.293638	.83422
3158.257992	.83447
3159.222345	.8345
3160.186699	.83462
3161.151052	.83489
3162.115406	.83509
3163.079760	.83535
3164.044113	.83583
3165.008467	.83633
3165.972820	.83667
3166.937174	.8369
3167.901528	.83711
3168.865881	.83731
3169.830235	.83747
3170.794588	.83761
3171.758942	.83784
3172.723295	.83814
3173.687649	.83828
3174.652003	.83839
3175.616356	.83878
3176.580710	.83932
3177.545063	.83993
3178.509417	.84038
3179.473771	.84016
3180.438124	.83962
3181.402478	.83968
3182.366831	.8403
3183.331185	.84088
3184.295538	.84131
3185.259892	.84172
3186.224246	.842
3187.188599	.84211
3188.152953	.84227
3189.117306	.84254
3190.081660	.84262
3191.046014	.84252
3192.010367	.84274
3192.974721	.84329
3193.939074	.84373
3194.903428	.84419
3195.867782	.84485
3196.832135	.84538
3197.796489	.84555
3198.760842	.84568
3199.725196	.84603
3200.689549	.8465
3201.653903	.84673
3202.618257	.84669
3203.582610	.84692
3204.546964	.84756
3205.511317	.8482
3206.475671	.84857
3207.440025	.84871
3208.404378	.84901
3209.368732	.84962
3210.333085	.84993
3211.297439	.84985
3212.261792	.85006
3213.226146	.85071
3214.190500	.85115
3215.154853	.85119
3216.119207	.85121
3217.083560	.85125
3218.047914	.85137
3219.012268	.85179
3219.976621	.85222
3220.940975	.85226
3221.905328	.85206
3222.869682	.85188
3223.834035	.85201
3224.798389	.85252
3225.762743	.85313
3226.727096	.85359
3227.691450	.85374
3228.655803	.85379
3229.620157	.85403
3230.584511	.85419
3231.548864	.85413
3232.513218	.85426
3233.477571	.85453
3234.441925	.85462
3235.406279	.85469
3236.370632	.85494
3237.334986	.85521
3238.299339	.8553
3239.263693	.85544
3240.228046	.85575
3241.192400	.8558
3242.156754	.85566
3243.121107	.85585
3244.085461	.85645
3245.049814	.85712
3246.014168	.85741
3246.978522	.85721
3247.942875	.85687
3248.907229	.85681
3249.871582	.85709
3250.835936	.85739
3251.800289	.8574
3252.764643	.85746
3253.728997	.85785
3254.693350	.85815
3255.657704	.85825
3256.622057	.85818
3257.586411	.85777
3258.550765	.85736
3259.515118	.85742
3260.479472	.8577
3261.443825	.85777
3262.408179	.8576
3263.372532	.8575
3264.336886	.8576
3265.301240	.85766
3266.265593	.85752
3267.229947	.85738
3268.194300	.85738
3269.158654	.85745
3270.123008	.85745
3271.087361	.8574
3272.051715	.85751
3273.016068	.85775
3273.980422	.85789
3274.944776	.85803
3275.909129	.85824
3276.873483	.85822
3277.837836	.85801
3278.802190	.85791
3279.766543	.85793
3280.730897	.85809
3281.695251	.85827
3282.659604	.8583
3283.623958	.85819
3284.588311	.85803
3285.552665	.85795
3286.517019	.85809
3287.481372	.85841
3288.445726	.85846
3289.410079	.85814
3290.374433	.85791
3291.338786	.85801
3292.303140	.8583
3293.267494	.85867
3294.231847	.85898
3295.196201	.85904
3296.160554	.85883
3297.124908	.85856
3298.089262	.8584
3299.053615	.85848
3300.017969	.85859
3300.982322	.85854
3301.946676	.85864
3302.911030	.85886
3303.875383	.85865
3304.839737	.85827
3305.804090	.85836
3306.768444	.85879
3307.732797	.85905
3308.697151	.85892
3309.661505	.85877
3310.625858	.85876
3311.590212	.85858
3312.554565	.85836
3313.518919	.85833
3314.483273	.85838
3315.447626	.85844
3316.411980	.8584
3317.376333	.8581
3318.340687	.85761
3319.305040	.85728
3320.269394	.85712
3321.233748	.85693
3322.198101	.8569
3323.162455	.85689
3324.126808	.85653
3325.091162	.85631
3326.055516	.85665
3327.019869	.85695
3327.984223	.8567
3328.948576	.85619
3329.912930	.8557
3330.877283	.85546
3331.841637	.85554
3332.805991	.85567
3333.770344	.85576
3334.734698	.85583
3335.699051	.85584
3336.663405	.85566
3337.627759	.85522
3338.592112	.8549
3339.556466	.85478
3340.520819	.85463
3341.485173	.85456
3342.449527	.85461
3343.413880	.85456
3344.378234	.85435
3345.342587	.85405
3346.306941	.85374
3347.271294	.85358
3348.235648	.85356
3349.200002	.85339
3350.164355	.85294
3351.128709	.85258
3352.093062	.85257
3353.057416	.8527
3354.021770	.85273
3354.986123	.85264
3355.950477	.85252
3356.914830	.85223
3357.879184	.85168
3358.843537	.8513
3359.807891	.85113
3360.772245	.85087
3361.736598	.85072
3362.700952	.85068
3363.665305	.8504
3364.629659	.84999
3365.594013	.84966
3366.558366	.8493
3367.522720	.84892
3368.487073	.8485
3369.451427	.84804
3370.415780	.84802
3371.380134	.84849
3372.344488	.84888
3373.308841	.84889
3374.273195	.8487
3375.237548	.84899
3376.201902	.84992
3377.166256	.85055
3378.130609	.85048
3379.094963	.85034
3380.059316	.85052
3381.023670	.85076
3381.988024	.85094
3382.952377	.85144
3383.916731	.85226
3384.881084	.85278
3385.845438	.85265
3386.809791	.8522
3387.774145	.85194
3388.738499	.85204
3389.702852	.85238
3390.667206	.85303
3391.631559	.85411
3392.595913	.85491
3393.560267	.85464
3394.524620	.8541
3395.488974	.85436
3396.453327	.85499
3397.417681	.8551
3398.382034	.85471
3399.346388	.85433
3400.310742	.8543
3401.275095	.8545
3402.239449	.85476
3403.203802	.85516
3404.168156	.85571
3405.132510	.85592
3406.096863	.85564
3407.061217	.85542
3408.025570	.85545
3408.989924	.85544
3409.954278	.85546
3410.918631	.85572
3411.882985	.85594
3412.847338	.8559
3413.811692	.85588
3414.776045	.856
3415.740399	.85606
3416.704753	.85605
3417.669106	.85635
3418.633460	.85711
3419.597813	.85794
3420.562167	.85822
3421.526521	.85785
3422.490874	.85736
3423.455228	.85696
3424.419581	.85644
3425.383935	.85582
3426.348288	.85551
3427.312642	.85565
3428.276996	.85582
3429.241349	.85576
3430.205703	.85578
3431.170056	.856
3432.134410	.85603
3433.098764	.85563
3434.063117	.85512
3435.027471	.85512
3435.991824	.85532
3436.956178	.85522
3437.920531	.85525
3438.884885	.85559
3439.849239	.85583
3440.813592	.85634
3441.777946	.85732
3442.742299	.85778
3443.706653	.85735
3444.671007	.85717
3445.635360	.8582
3446.599714	.85967
3447.564067	.85969
3448.528421	.85824
3449.492775	.85717
3450.457128	.85709
3451.421482	.85734
3452.385835	.85742
3453.350189	.85739
3454.314542	.85759
3455.278896	.85808
3456.243250	.85845
3457.207603	.85857
3458.171957	.85888
3459.136310	.85938
3460.100664	.85983
3461.065018	.86039
3462.029371	.86109
3462.993725	.86142
3463.958078	.86125
3464.922432	.86092
3465.886785	.86088
3466.851139	.86121
3467.815493	.8616
3468.779846	.86185
3469.744200	.86203
3470.708553	.86212
3471.672907	.86227
3472.637261	.86268
3473.601614	.86326
3474.565968	.86368
3475.530321	.86366
3476.494675	.86351
3477.459028	.86368
3478.423382	.8641
3479.387736	.86478
3480.352089	.86582
3481.316443	.86685
3482.280796	.86707
3483.245150	.86622
3484.209504	.86548
3485.173857	.86569
3486.138211	.86647
3487.102564	.86723
3488.066918	.86716
3489.031272	.86633
3489.995625	.86597
3490.959979	.86624
3491.924332	.86625
3492.888686	.86583
3493.853039	.86556
3494.817393	.8661
3495.781747	.86716
3496.746100	.86746
3497.710454	.86681
3498.674807	.86654
3499.639161	.86705
3500.603515	.86784
3501.567868	.86915
3502.532222	.87074
3503.496575	.87109
3504.460929	.86989
3505.425282	.86839
3506.389636	.86756
3507.353990	.86782
3508.318343	.86907
3509.282697	.86998
3510.247050	.86948
3511.211404	.86843
3512.175758	.86772
3513.140111	.86715
3514.104465	.86687
3515.068818	.86717
3516.033172	.86766
3516.997526	.86799
3517.961879	.86827
3518.926233	.86846
3519.890586	.86838
3520.854940	.86865
3521.819293	.87003
3522.783647	.87181
3523.748001	.87238
3524.712354	.87181
3525.676708	.87171
3526.641061	.87256
3527.605415	.87324
3528.569769	.87278
3529.534122	.87117
3530.498476	.86928
3531.462829	.86798
3532.427183	.86741
3533.391536	.86737
3534.355890	.86797
3535.320244	.86934
3536.284597	.8703
3537.248951	.86944
3538.213304	.86784
3539.177658	.86718
3540.142012	.8672
3541.106365	.86728
3542.070719	.86778
3543.035072	.86941
3543.999426	.87214
3544.963779	.87458
3545.928133	.87551
3546.892487	.87462
3547.856840	.87202
3548.821194	.86907
3549.785547	.86787
3550.749901	.869
3551.714255	.87086
3552.678608	.87082
3553.642962	.86879
3554.607315	.86662
3555.571669	.86498
3556.536023	.86404
3557.500376	.86381
3558.464730	.86436
3559.429083	.86575
3560.393437	.86662
3561.357790	.86612
3562.322144	.86568
3563.286498	.86629
3564.250851	.86867
3565.215205	.87455
3566.179558	.882
3567.143912	.88555
3568.108266	.88172
3569.072619	.87227
3570.036973	.86385
3571.001326	.8597
3571.965680	.85786
3572.930033	.8572
3573.894387	.85735
3574.858741	.85728
3575.823094	.85679
3576.787448	.85634
3577.751801	.85592
3578.716155	.85581
3579.680509	.85591
3580.644862	.85534
3581.609216	.85448
3582.573569	.85406
3583.537923	.85387
3584.502276	.85546
3585.466630	.86171
3586.430984	.86989
3587.395337	.87358
3588.359691	.8705
3589.324044	.86078
3590.288398	.84952
3591.252752	.84365
3592.217105	.84298
3593.181459	.84295
3594.145812	.84137
3595.110166	.83803
3596.074520	.83166
3597.038873	.82338
3598.003227	.81622
3598.967580	.81017
3599.931934	.80433
3600.896287	.79818
3601.860641	.79168
3602.824995	.78654
3603.789348	.784
3604.753702	.78487
3605.718055	.79016
3606.682409	.79809
3607.646763	.80598
3608.611116	.81291
3609.575470	.8142
3610.539823	.81072
3611.504177	.8134
3612.468530	.82153
3613.432884	.82479
3614.397238	.82338
3615.361591	.82266
3616.325945	.82598
3617.290298	.83443
3618.254652	.84403
3619.219006	.84917
3620.183359	.84602
3621.147713	.8375
3622.112066	.83136
3623.076420	.82969
3624.040774	.83049
3625.005127	.8331
3625.969481	.83829
3626.933834	.8501
3627.898188	.87141
3628.862541	.88748
3629.826895	.8763
3630.791249	.85169
3631.755602	.83718
3632.719956	.8351
3633.684309	.83582
3634.648663	.83168
3635.613017	.8255
3636.577370	.82247
3637.541724	.82165
3638.506077	.81993
3639.470431	.81719
3640.434784	.81525
3641.399138	.81477
3642.363492	.81437
3643.327845	.81342
3644.292199	.81432
3645.256552	.82101
3646.220906	.83464
3647.185260	.84933
3648.149613	.85948
3649.113967	.86621
3650.078320	.86685
3651.042674	.8562
3652.007027	.83879
3652.971381	.82536
3653.935735	.82269
3654.900088	.83103
3655.864442	.84232
3656.828795	.84188
3657.793149	.83111
3658.757503	.82396
3659.721856	.82271
3660.686210	.82311
3661.650563	.82341
3662.614917	.82356
3663.579271	.82368
3664.543624	.82403
3665.507978	.82499
3666.472331	.82799
3667.436685	.83636
3668.401038	.8498
3669.365392	.86296
3670.329746	.86868
3671.294099	.85909
3672.258453	.84439
3673.222806	.84504
3674.187160	.86605
3675.151514	.88928
3676.115867	.88425
3677.080221	.85914
3678.044574	.84366
3679.008928	.84097
3679.973281	.83917
3680.937635	.83394
3681.901989	.83038
3682.866342	.83057
3683.830696	.83209
3684.795049	.83316
3685.759403	.83582
3686.723757	.84629
3687.688110	.86498
3688.652464	.87435
3689.616817	.86748
3690.581171	.86197
3691.545524	.8576
3692.509878	.84745
3693.474232	.83917
3694.438585	.83673
3695.402939	.83675
3696.367292	.83698
3697.331646	.83685
3698.296000	.83696
3699.260353	.83872
3700.224707	.84443
3701.189060	.85233
3702.153414	.85356
3703.117768	.84662
3704.082121	.84097
3705.046475	.83974
3706.010828	.83988
3706.975182	.8419
3707.939535	.84935
3708.903889	.85992
3709.868243	.86584
3710.832596	.87071
3711.796950	.87717
3712.761303	.87077
3713.725657	.85408
3714.690011	.84365
3715.654364	.8404
3716.618718	.83993
3717.583071	.84242
3718.547425	.84655
3719.511778	.84823
3720.476132	.84949
3721.440486	.85513
3722.404839	.85979
3723.369193	.85794
3724.333546	.85639
3725.297900	.85975
3726.262254	.86272
3727.226607	.85924
3728.190961	.85221
3729.155314	.8492
3730.119668	.85416
3731.084022	.8667
3732.048375	.8771
3733.012729	.8774
3733.977082	.87965
3734.941436	.88879
3735.905789	.89138
3736.870143	.88139
3737.834497	.86665
3738.798850	.85504
3739.763204	.85011
3740.727557	.85042
3741.691911	.85353
3742.656265	.8665
3743.620618	.89742
3744.584972	.918
3745.549325	.89302
3746.513679	.86433
3747.478032	.86102
3748.442386	.87816
3749.406740	.89353
3750.371093	.89108
3751.335447	.88828
3752.299800	.88573
3753.264154	.86775
3754.228508	.84927
3755.192861	.84429
3756.157215	.84683
3757.121568	.84741
3758.085922	.84792
3759.050275	.85254
3760.014629	.85293
3760.978983	.84461
3761.943336	.83712
3762.907690	.8353
3763.872043	.83794
3764.836397	.84369
3765.800751	.84662
3766.765104	.84248
3767.729458	.83956
3768.693811	.84567
3769.658165	.85336
3770.622519	.84951
3771.586872	.83868
3772.551226	.83231
3773.515579	.83094
3774.479933	.83086
3775.444286	.83078
3776.408640	.83104
3777.372994	.83345
3778.337347	.83951
3779.301701	.84462
3780.266054	.84137
3781.230408	.83363
3782.194762	.82988
3783.159115	.83103
3784.123469	.83356
3785.087822	.83375
3786.052176	.83118
3787.016529	.82852
3787.980883	.82707
3788.945237	.82635
3789.909590	.82588
3790.873944	.82559
3791.838297	.82539
3792.802651	.82542
3793.767005	.82637
3794.731358	.83035
3795.695712	.83749
3796.660065	.84087
3797.624419	.83653
3798.588772	.83278
3799.553126	.83951
3800.517480	.85707
3801.481833	.86775
3802.446187	.85531
3803.410540	.83671
3804.374894	.82846
3805.339248	.83341
3806.303601	.84625
3807.267955	.84865
3808.232308	.83418
3809.196662	.82068
3810.161016	.81571
3811.125369	.81466
3812.089723	.81465
3813.054076	.81649
3814.018430	.82377
3814.982783	.83967
3815.947137	.8524
3816.911491	.84427
3817.875844	.83008
3818.840198	.82953
3819.804551	.84377
3820.768905	.86014
3821.733259	.85777
3822.697612	.83874
3823.661966	.82426
3824.626319	.82092
3825.590673	.82395
3826.555026	.82669
3827.519380	.82455
3828.483734	.82023
3829.448087	.81997
3830.412441	.82626
3831.376794	.83328
3832.341148	.83209
3833.305502	.82897
3834.269855	.83329
3835.234209	.83855
3836.198562	.84253
3837.162916	.85247
3838.127269	.85738
3839.091623	.84832
3840.055977	.84049
3841.020330	.8367
3841.984684	.83218
3842.949037	.83057
3843.913391	.82964
3844.877745	.82389
3845.842098	.81765
3846.806452	.81536
3847.770805	.81604
3848.735159	.81844
3849.699513	.82348
3850.663866	.8355
3851.628220	.85668
3852.592573	.88183
3853.556927	.89941
3854.521280	.88581
3855.485634	.85105
3856.449988	.83003
3857.414341	.82306
3858.378695	.81834
3859.343048	.81554
3860.307402	.81862
3861.271756	.82479
3862.236109	.82694
3863.200463	.8276
3864.164816	.83359
3865.129170	.83618
3866.093523	.82655
3867.057877	.81768
3868.022231	.82243
3868.986584	.83798
3869.950938	.84568
3870.915291	.83338
3871.879645	.81897
3872.843999	.81751
3873.808352	.82278
3874.772706	.82081
3875.737059	.81193
3876.701413	.80635
3877.665767	.80686
3878.630120	.81316
3879.594474	.82359
3880.558827	.82765
3881.523181	.82011
3882.487534	.81244
3883.451888	.81296
3884.416242	.82149
3885.380595	.83117
3886.344949	.8279
3887.309302	.81429
3888.273656	.80606
3889.238010	.8078
3890.202363	.81696
3891.166717	.82484
3892.131070	.82101
3893.095424	.81143
3894.059777	.80605
3895.024131	.80417
3895.988485	.80367
3896.952838	.80634
3897.917192	.81422
3898.881545	.82351
3899.845899	.82649
3900.810253	.82624
3901.774606	.82796
3902.738960	.82914
3903.703313	.82974
3904.667667	.82711
3905.632020	.81838
3906.596374	.80905
3907.560728	.8029
3908.525081	.79984
3909.489435	.79875
3910.453788	.79823
3911.418142	.79784
3912.382496	.79774
3913.346849	.79804
3914.311203	.79921
3915.275556	.8028
3916.239910	.8084
3917.204264	.81108
3918.168617	.809
3919.132971	.80733
3920.097324	.80702
3921.061678	.80466
3922.026031	.80259
3922.990385	.80422
3923.954739	.80773
3924.919092	.80875
3925.883446	.80558
3926.847799	.80191
3927.812153	.80159
3928.776507	.8038
3929.740860	.8061
3930.705214	.8086
3931.669567	.81167
3932.633921	.81242
3933.598274	.80961
3934.562628	.80664
3935.526982	.80567
3936.491335	.80605
3937.455689	.80697
3938.420042	.80779
3939.384396	.80831
3940.348750	.80939
3941.313103	.81206
3942.277457	.81516
3943.241810	.81523
3944.206164	.81211
3945.170517	.80965
3946.134871	.8101
3947.099225	.81245
3948.063578	.81414
3949.027932	.81442
3949.992285	.81402
3950.956639	.81286
3951.920993	.81169
3952.885346	.81118
3953.849700	.81081
3954.814053	.81066
3955.778407	.81089
3956.742761	.81094
3957.707114	.81058
3958.671468	.81035
3959.635821	.81033
3960.600175	.81027
3961.564528	.8103
3962.528882	.81011
3963.493236	.8094
3964.457589	.80868
3965.421943	.80817
3966.386296	.80765
3967.350650	.80721
3968.315004	.80695
3969.279357	.80662
3970.243711	.8061
3971.208064	.80562
3972.172418	.80527
3973.136771	.80489
3974.101125	.8045
3975.065479	.80424
3976.029832	.8038
3976.994186	.80302
3977.958539	.80242
3978.922893	.80234
3979.887247	.80251
3980.851600	.80264
3981.815954	.80278
3982.780307	.80307
3983.744661	.80326
3984.709015	.80335
3985.673368	.80371
3986.637722	.80405
3987.602075	.80397
3988.566429	.80391
3989.530782	.80425
3990.495136	.80447
3991.459490	.80421
3992.423843	.80399
3993.388197	.8042
3994.352550	.80452
3995.316904	.80467
3996.281258	.80463
3997.245611	.80441
3998.209965	.80406
3999.174318	.80367
4000.138672	.80338