499.535156	.0040713
500.499510	.0044191
501.463863	.0053884
502.428217	.0062891
503.392571	.0061005
504.356924	.0055051
505.321278	.0052205
506.285631	.004705
507.249985	.0040003
508.214339	.0036823
509.178692	.0037769
510.143046	.0041893
511.107399	.0045442
512.071753	.004497
513.036106	.0046053
514.000460	.0046007
514.964814	.0042853
515.929167	.0046333
516.893521	.0057265
517.857874	.0062289
518.822228	.0060951
519.786582	.0060479
520.750935	.0056438
521.715289	.0049833
522.679642	.0048103
523.643996	.004916
524.608349	.0049452
525.572703	.0054216
526.537057	.0062207
527.501410	.0060523
528.465764	.0051021
529.430117	.0044136
530.394471	.0042385
531.358825	.004671
532.323178	.005801
533.287532	.0063986
534.251885	.0056829
535.216239	.0046098
536.180593	.0038739
537.144946	.0038466
538.109300	.0045785
539.073653	.0048614
540.038007	.0047575
541.002360	.0049628
541.966714	.0055271
542.931068	.0062926
543.895421	.006563
544.859775	.0056689
545.824128	.0044617
546.788482	.0042919
547.752836	.0048434
548.717189	.0047108
549.681543	.0040096
550.645896	.0037542
551.610250	.0038156
552.574603	.0039936
553.538957	.0047816
554.503311	.0052129
555.467664	.0046204
556.432018	.0041157
557.396371	.0042766
558.360725	.0042848
559.325079	.0040879
560.289432	.0042572
561.253786	.0043711
562.218139	.0044476
563.182493	.0052072
564.146846	.0060382
565.111200	.0062457
566.075554	.0061978
567.039907	.0060122
568.004261	.0052969
568.968614	.0048216
569.932968	.0050637
570.897322	.0051685
571.861675	.0047925
572.826029	.0045194
573.790382	.004588
574.754736	.0045441
575.719090	.0041782
576.683443	.0042965
577.647797	.0044804
578.612150	.0039233
579.576504	.0034393
580.540857	.0036516
581.505211	.0039694
582.469565	.0040633
583.433918	.0038173
584.398272	.003104
585.362625	.0024213
586.326979	.0024666
587.291333	.0027656
588.255686	.0029542
589.220040	.0031717
590.184393	.003437
591.148747	.0034614
592.113100	.0033116
593.077454	.0029394
594.041808	.0026253
595.006161	.0026575
595.970515	.0029487
596.934868	.0032953
597.899222	.0036023
598.863576	.0036665
599.827929	.0034973
600.792283	.0034369
601.756636	.0035802
602.720990	.0037029
603.685343	.0037158
604.649697	.0031755
605.614051	.0019063
606.578404	.0009926
607.542758	.0013184
608.507111	.001879
609.471465	.0018678
610.435819	.0017191
611.400172	.0021516
612.364526	.0032102
613.328879	.0037073
614.293233	.0031373
615.257587	.0027267
616.221940	.003166
617.186294	.003653
618.150647	.0033895
619.115001	.0029218
620.079354	.0028532
621.043708	.0030377
622.008062	.0032075
622.972415	.0033136
623.936769	.0031795
624.901122	.0026307
625.865476	.0022468
626.829830	.0027028
627.794183	.0031426
628.758537	.002684
629.722890	.0022164
630.687244	.0023326
631.651597	.00254
632.615951	.0025053
633.580305	.0018514
634.544658	.0013038
635.509012	.0016857
636.473365	.0020152
637.437719	.0017815
638.402073	.0018299
639.366426	.0023208
640.330780	.0027433
641.295133	.0027812
642.259487	.0027547
643.223841	.0026103
644.188194	.0021575
645.152548	.0022344
646.116901	.003016
647.081255	.0033757
648.045608	.0031125
649.009962	.0027671
649.974316	.0026747
650.938669	.002732
651.903023	.0026361
652.867376	.0023399
653.831730	.0020715
654.796084	.0017772
655.760437	.0016038
656.724791	.0018586
657.689144	.0024669
658.653498	.002578
659.617851	.002303
660.582205	.0024429
661.546559	.0028959
662.510912	.0028057
663.475266	.0024517
664.439619	.0024332
665.403973	.0023428
666.368327	.002335
667.332680	.0037704
668.297034	.0054712
669.261387	.0038983
670.225741	.0023467
671.190094	.0015714
672.154448	.001281
673.118802	.0015431
674.083155	.0019638
675.047509	.0021803
676.011862	.0025043
676.976216	.0031162
677.940570	.0032903
678.904923	.0027021
679.869277	.0021062
680.833630	.001983
681.797984	.0020037
682.762338	.0021668
683.726691	.0023757
684.691045	.00225
685.655398	.0018691
686.619752	.0017113
687.584105	.0019276
688.548459	.0021779
689.512813	.0021816
690.477166	.0021014
691.441520	.0021829
692.405873	.0024399
693.370227	.0025332
694.334581	.0024437
695.298934	.0023931
696.263288	.0020825
697.227641	.0015125
698.191995	.0011481
699.156348	.0010134
700.120702	.0012565
701.085056	.0016985
702.049409	.0018219
703.013763	.0017843
703.978116	.0017848
704.942470	.0020268
705.906824	.0025147
706.871177	.002447
707.835531	.0016706
708.799884	.0011385
709.764238	.0013871
710.728591	.0019355
711.692945	.0019626
712.657299	.0014004
713.621652	.0012469
714.586006	.0017228
715.550359	.0019638
716.514713	.0015914
717.479067	.0011672
718.443420	.0012666
719.407774	.0017524
720.372127	.0020142
721.336481	.0019494
722.300835	.0018859
723.265188	.0017983
724.229542	.0016687
725.193895	.0017598
726.158249	.0018347
727.122602	.0017819
728.086956	.0017905
729.051310	.0017694
730.015663	.0016849
730.980017	.00163
731.944370	.0015686
732.908724	.0016147
733.873078	.0016035
734.837431	.0013739
735.801785	.0012295
736.766138	.0014222
737.730492	.0017683
738.694845	.002168
739.659199	.0022425
740.623553	.0018911
741.587906	.0017145
742.552260	.0018811
743.516613	.0017135
744.480967	.0016609
745.445321	.0019768
746.409674	.00198
747.374028	.0015198
748.338381	.0012464
749.302735	.001529
750.267088	.0019639
751.231442	.0019211
752.195796	.0014603
753.160149	.0010733
754.124503	.0010331
755.088856	.0010774
756.053210	.0012368
757.017564	.0014915
757.981917	.0014901
758.946271	.0012572
759.910624	.001096
760.874978	.0010946
761.839332	.0012339
762.803685	.0014978
763.768039	.0017653
764.732392	.0015805
765.696746	.0012068
766.661099	.0015177
767.625453	.0021648
768.589807	.0022241
769.554160	.0017125
770.518514	.0012031
771.482867	.0012276
772.447221	.0016936
773.411575	.0020061
774.375928	.0019778
775.340282	.0016563
776.304635	.0011256
777.268989	.0010663
778.233342	.0014507
779.197696	.001537
780.162050	.0012165
781.126403	.0009006
782.090757	.000856
783.055110	.0010994
784.019464	.0013311
784.983818	.0012991
785.948171	.0012558
786.912525	.0014721
787.876878	.0016496
788.841232	.0015533
789.805586	.0013924
790.769939	.0013222
791.734293	.0011507
792.698646	.0010382
793.663000	.0011943
794.627353	.001491
795.591707	.001686
796.556061	.0015261
797.520414	.0009821
798.484768	.0006179
799.449121	.0009617
800.413475	.001667
801.377829	.0019736
802.342182	.001912
803.306536	.0017028
804.270889	.0013223
805.235243	.0008738
806.199596	.0007832
807.163950	.0011376
808.128304	.0014722
809.092657	.0016893
810.057011	.0019824
811.021364	.0018909
811.985718	.0013441
812.950072	.0011965
813.914425	.0015753
814.878779	.0016961
815.843132	.0017355
816.807486	.001864
817.771839	.0017717
818.736193	.0016012
819.700547	.0015257
820.664900	.0014082
821.629254	.0013672
822.593607	.0013391
823.557961	.0011328
824.522315	.0011138
825.486668	.0015434
826.451022	.0017677
827.415375	.0014439
828.379729	.0011909
829.344083	.001287
830.308436	.0015282
831.272790	.0018471
832.237143	.0018303
833.201497	.0013695
834.165850	.0010011
835.130204	.0012436
836.094558	.0016464
837.058911	.001691
838.023265	.0015666
838.987618	.0015919
839.951972	.0015526
840.916326	.0014384
841.880679	.0014239
842.845033	.0015925
843.809386	.001882
844.773740	.001994
845.738093	.0017786
846.702447	.0014007
847.666801	.0010876
848.631154	.0011164
849.595508	.0012315
850.559861	.0012511
851.524215	.0011837
852.488569	.0011402
853.452922	.0013595
854.417276	.001691
855.381629	.0017558
856.345983	.0017247
857.310336	.0017258
858.274690	.0016119
859.239044	.0013594
860.203397	.0012191
861.167751	.0011548
862.132104	.000948
863.096458	.0010088
864.060812	.001448
865.025165	.0014543
865.989519	.0011812
866.953872	.0015009
867.918226	.0020575
868.882580	.0021458
869.846933	.0017401
870.811287	.0012773
871.775640	.0012225
872.739994	.0014003
873.704347	.0014042
874.668701	.0013031
875.633055	.0013036
876.597408	.0013954
877.561762	.0014162
878.526115	.001301
879.490469	.0012171
880.454823	.0011893
881.419176	.0011613
882.383530	.0011361
883.347883	.0010527
884.312237	.0009103
885.276590	.0008881
886.240944	.0010243
887.205298	.0011316
888.169651	.0012233
889.134005	.0014082
890.098358	.0014169
891.062712	.0011075
892.027066	.0008163
892.991419	.0008524
893.955773	.0011603
894.920126	.0015125
895.884480	.0015699
896.848834	.0014289
897.813187	.0012047
898.777541	.000849
899.741894	.0007009
900.706248	.000874
901.670601	.0009169
902.634955	.0007849
903.599309	.0007541
904.563662	.0009772
905.528016	.0013068
906.492369	.0014484
907.456723	.0015668
908.421077	.0019142
909.385430	.0020818
910.349784	.0017558
911.314137	.0013452
912.278491	.0011748
913.242844	.0010452
914.207198	.0009974
915.171552	.0011798
916.135905	.0013947
917.100259	.0013072
918.064612	.0009639
919.028966	.0007393
919.993320	.0008228
920.957673	.0011008
921.922027	.001287
922.886380	.0011046
923.850734	.0008301
924.815087	.0009678
925.779441	.0012935
926.743795	.0012319
927.708148	.0007465
928.672502	.0003295
929.636855	.0004862
930.601209	.0009067
931.565563	.0010812
932.529916	.0010516
933.494270	.0010125
934.458623	.0010098
935.422977	.0011593
936.387331	.0013135
937.351684	.0011742
938.316038	.0008736
939.280391	.0007497
940.244745	.0008739
941.209098	.0010487
942.173452	.0011131
943.137806	.0012429
944.102159	.0013554
945.066513	.0012233
946.030866	.001071
946.995220	.0011849
947.959574	.0013999
948.923927	.0013517
949.888281	.0009475
950.852634	.0005498
951.816988	.000499
952.781341	.0006993
953.745695	.0007989
954.710049	.0007767
955.674402	.0008059
956.638756	.0008812
957.603109	.0009113
958.567463	.0009646
959.531817	.0009625
960.496170	.0008099
961.460524	.0007356
962.424877	.0007844
963.389231	.0007696
964.353584	.0008516
965.317938	.000947
966.282292	.000853
967.246645	.0007811
968.210999	.0009566
969.175352	.0012062
970.139706	.0013045
971.104060	.0012342
972.068413	.0009938
973.032767	.0006776
973.997120	.0006178
974.961474	.0007286
975.925828	.0007084
976.890181	.0006008
977.854535	.000661
978.818888	.0006741
979.783242	.0004514
980.747595	.0003764
981.711949	.0006388
982.676303	.0008885
983.640656	.0010214
984.605010	.0011235
985.569363	.0011405
986.533717	.0010394
987.498071	.0009629
988.462424	.0009573
989.426778	.0008702
990.391131	.0007313
991.355485	.0006828
992.319838	.0006556
993.284192	.0007581
994.248546	.0010462
995.212899	.0011513
996.177253	.0010378
997.141606	.0009235
998.105960	.0007195
999.070314	.0004259
1000.034667	.0002994
1000.999021	.0004499
1001.963374	.0007537
1002.927728	.0010231
1003.892082	.0011163
1004.856435	.0010981
1005.820789	.0010084
1006.785142	.0009026
1007.749496	.0009087
1008.713849	.000959
1009.678203	.0008799
1010.642557	.0007638
1011.606910	.0006951
1012.571264	.00068
1013.535617	.000756
1014.499971	.0008856
1015.464325	.0008964
1016.428678	.0008748
1017.393032	.0010304
1018.357385	.0011901
1019.321739	.0011257
1020.286092	.000976
1021.250446	.0008973
1022.214800	.0009169
1023.179153	.000808
1024.143507	.0005508
1025.107860	.0005245
1026.072214	.0007666
1027.036568	.0009621
1028.000921	.0010391
1028.965275	.0009777
1029.929628	.0008616
1030.893982	.0008871
1031.858335	.001049
1032.822689	.0010951
1033.787043	.0009278
1034.751396	.00068
1035.715750	.0006661
1036.680103	.0010201
1037.644457	.0013009
1038.608811	.001126
1039.573164	.0008729
1040.537518	.0008044
1041.501871	.0007744
1042.466225	.0006818
1043.430579	.0006444
1044.394932	.0006091
1045.359286	.0005112
1046.323639	.0005365
1047.287993	.000717
1048.252346	.0008524
1049.216700	.0008761
1050.181054	.0008265
1051.145407	.0007366
1052.109761	.0006958
1053.074114	.0008324
1054.038468	.0009264
1055.002822	.0008108
1055.967175	.0006654
1056.931529	.0006103
1057.895882	.0006186
1058.860236	.0007432
1059.824589	.0009073
1060.788943	.0009022
1061.753297	.0007712
1062.717650	.0007411
1063.682004	.0007646
1064.646357	.000794
1065.610711	.0008376
1066.575065	.0008238
1067.539418	.0007524
1068.503772	.0007679
1069.468125	.0009001
1070.432479	.0010532
1071.396832	.0011197
1072.361186	.0010966
1073.325540	.0010528
1074.289893	.0009762
1075.254247	.0009149
1076.218600	.0008338
1077.182954	.0006505
1078.147308	.0006396
1079.111661	.0007909
1080.076015	.0007978
1081.040368	.0007842
1082.004722	.00093
1082.969076	.0009216
1083.933429	.000772
1084.897783	.0007922
1085.862136	.0008869
1086.826490	.000832
1087.790843	.0007876
1088.755197	.0008893
1089.719551	.0010349
1090.683904	.0010788
1091.648258	.0009741
1092.612611	.000844
1093.576965	.0007859
1094.541319	.0007576
1095.505672	.0007789
1096.470026	.0007681
1097.434379	.000599
1098.398733	.000405
1099.363086	.0004065
1100.327440	.0005301
1101.291794	.0005843
1102.256147	.0005475
1103.220501	.0006292
1104.184854	.0007628
1105.149208	.0007099
1106.113562	.0004344
1107.077915	.0002863
1108.042269	.0004645
1109.006622	.0007528
1109.970976	.0008444
1110.935330	.000761
1111.899683	.0006951
1112.864037	.0007759
1113.828390	.0010049
1114.792744	.0012333
1115.757097	.0011879
1116.721451	.0009346
1117.685805	.000711
1118.650158	.0005488
1119.614512	.0005145
1120.578865	.0006084
1121.543219	.0006083
1122.507573	.0005269
1123.471926	.0005213
1124.436280	.0006141
1125.400633	.0006507
1126.364987	.000591
1127.329340	.0006544
1128.293694	.0008007
1129.258048	.0006602
1130.222401	.0004346
1131.186755	.0005745
1132.151108	.0008829
1133.115462	.0009447
1134.079816	.000846
1135.044169	.000708
1136.008523	.0006484
1136.972876	.0006402
1137.937230	.0005944
1138.901583	.0006187
1139.865937	.000728
1140.830291	.0006836
1141.794644	.0005715
1142.758998	.0005539
1143.723351	.0006175
1144.687705	.0006745
1145.652059	.0006755
1146.616412	.0006366
1147.580766	.0006127
1148.545119	.0005321
1149.509473	.0004279
1150.473827	.0004484
1151.438180	.0005795
1152.402534	.0006052
1153.366887	.0005971
1154.331241	.0007919
1155.295594	.0010034
1156.259948	.0009096
1157.224302	.0007142
1158.188655	.0007116
1159.153009	.0007837
1160.117362	.0007862
1161.081716	.0007898
1162.046070	.0007379
1163.010423	.0005622
1163.974777	.0004084
1164.939130	.0004325
1165.903484	.0004809
1166.867837	.0004887
1167.832191	.0005499
1168.796545	.0006032
1169.760898	.0005783
1170.725252	.0005443
1171.689605	.0005622
1172.653959	.000589
1173.618313	.0005502
1174.582666	.0004198
1175.547020	.0002885
1176.511373	.0004507
1177.475727	.0006834
1178.440080	.0006278
1179.404434	.0004897
1180.368788	.0004881
1181.333141	.0005391
1182.297495	.0006449
1183.261848	.0007493
1184.226202	.0007066
1185.190556	.0005172
1186.154909	.0003382
1187.119263	.0003684
1188.083616	.0005862
1189.047970	.0007035
1190.012324	.0006319
1190.976677	.0005005
1191.941031	.0004361
1192.905384	.0004395
1193.869738	.0005296
1194.834091	.0006176
1195.798445	.0006503
1196.762799	.0006871
1197.727152	.0005756
1198.691506	.0003607
1199.655859	.0004296
1200.620213	.000662
1201.584567	.0006954
1202.548920	.0005373
1203.513274	.0004792
1204.477627	.0006297
1205.441981	.0007409
1206.406334	.0006757
1207.370688	.0005455
1208.335042	.0004675
1209.299395	.0004741
1210.263749	.0005208
1211.228102	.0005745
1212.192456	.0006227
1213.156810	.0006594
1214.121163	.0007043
1215.085517	.0006569
1216.049870	.0004133
1217.014224	.0003412
1217.978578	.0005805
1218.942931	.0007459
1219.907285	.0006767
1220.871638	.0005711
1221.835992	.0005508
1222.800345	.0006018
1223.764699	.0006024
1224.729053	.0005143
1225.693406	.0003997
1226.657760	.000379
1227.622113	.0004609
1228.586467	.0005641
1229.550821	.0005801
1230.515174	.0005662
1231.479528	.0005385
1232.443881	.0004174
1233.408235	.0002869
1234.372588	.0002427
1235.336942	.0001756
1236.301296	.0001782
1237.265649	.0003343
1238.230003	.0004949
1239.194356	.0005242
1240.158710	.0005105
1241.123064	.0005129
1242.087417	.0005125
1243.051771	.0005192
1244.016124	.0005731
1244.980478	.0005664
1245.944831	.0004705
1246.909185	.0003527
1247.873539	.0003288
1248.837892	.0002562
1249.802246	.00027
1250.766599	.0004326
1251.730953	.0006158
1252.695307	.0007093
1253.659660	.0007302
1254.624014	.000669
1255.588367	.000615
1256.552721	.0005704
1257.517075	.0004549
1258.481428	.0004029
1259.445782	.0005187
1260.410135	.0006405
1261.374489	.000607
1262.338842	.0004693
1263.303196	.0004149
1264.267550	.0004543
1265.231903	.0004731
1266.196257	.000463
1267.160610	.0004863
1268.124964	.0005656
1269.089318	.0006554
1270.053671	.0006713
1271.018025	.0006183
1271.982378	.0005381
1272.946732	.0005531
1273.911085	.0006181
1274.875439	.0005596
1275.839793	.000429
1276.804146	.0003728
1277.768500	.0004113
1278.732853	.0004355
1279.697207	.000388
1280.661561	.0004356
1281.625914	.000503
1282.590268	.0004646
1283.554621	.0004194
1284.518975	.0004475
1285.483328	.0004921
1286.447682	.0005317
1287.412036	.0006163
1288.376389	.00071
1289.340743	.000663
1290.305096	.0005425
1291.269450	.000552
1292.233804	.0006018
1293.198157	.0005119
1294.162511	.0004083
1295.126864	.0003678
1296.091218	.0004131
1297.055572	.0005291
1298.019925	.0006332
1298.984279	.0005931
1299.948632	.0004062
1300.912986	.0002844
1301.877339	.0003409
1302.841693	.0004094
1303.806047	.0004164
1304.770400	.0004253
1305.734754	.0004496
1306.699107	.0004118
1307.663461	.000412
1308.627815	.0005674
1309.592168	.0006675
1310.556522	.0005642
1311.520875	.0004414
1312.485229	.0004044
1313.449582	.0004181
1314.413936	.0004347
1315.378290	.0004335
1316.342643	.0004367
1317.306997	.0005281
1318.271350	.000613
1319.235704	.0006007
1320.200058	.0005698
1321.164411	.0005235
1322.128765	.0004009
1323.093118	.0003289
1324.057472	.0003789
1325.021825	.0004106
1325.986179	.0002904
1326.950533	.0001697
1327.914886	.0001518
1328.879240	.0003141
1329.843593	.0006207
1330.807947	.0008075
1331.772301	.0006538
1332.736654	.0003322
1333.701008	.0001733
1334.665361	.0002992
1335.629715	.0004288
1336.594069	.00041
1337.558422	.0004145
1338.522776	.0005667
1339.487129	.0007526
1340.451483	.0008137
1341.415836	.0006945
1342.380190	.000543
1343.344544	.0005199
1344.308897	.0005426
1345.273251	.0004861
1346.237604	.0004227
1347.201958	.0004825
1348.166312	.0006053
1349.130665	.0005712
1350.095019	.000352
1351.059372	.0001761
1352.023726	.000238
1352.988079	.0004129
1353.952433	.0005325
1354.916787	.000547
1355.881140	.0004975
1356.845494	.0004622
1357.809847	.0003869
1358.774201	.0001784
1359.738555	.0000977
1360.702908	.0002297
1361.667262	.0003263
1362.631615	.0003744
1363.595969	.000498
1364.560323	.0006331
1365.524676	.0006486
1366.489030	.0005198
1367.453383	.0004247
1368.417737	.0004542
1369.382090	.0004886
1370.346444	.0005173
1371.310798	.0005681
1372.275151	.0005148
1373.239505	.0004215
1374.203858	.000461
1375.168212	.0005515
1376.132566	.000514
1377.096919	.0004031
1378.061273	.0003432
1379.025626	.0004145
1379.989980	.0005658
1380.954333	.0006023
1381.918687	.0004683
1382.883041	.000397
1383.847394	.0004568
1384.811748	.0005097
1385.776101	.000553
1386.740455	.0005551
1387.704809	.000394
1388.669162	.0002384
1389.633516	.000255
1390.597869	.0003838
1391.562223	.0003791
1392.526576	.0002503
1393.490930	.0002832
1394.455284	.0005025
1395.419637	.0005287
1396.383991	.0003453
1397.348344	.0002561
1398.312698	.0003685
1399.277052	.000481
1400.241405	.0004123
1401.205759	.0003061
1402.170112	.0002964
1403.134466	.0003034
1404.098820	.0003427
1405.063173	.0004784
1406.027527	.0004886
1406.991880	.0004023
1407.956234	.0004326
1408.920587	.0005333
1409.884941	.0006682
1410.849295	.0007005
1411.813648	.0004935
1412.778002	.0002369
1413.742355	.0001794
1414.706709	.0002356
1415.671063	.0002956
1416.635416	.0003323
1417.599770	.000385
1418.564123	.0004396
1419.528477	.0004405
1420.492830	.0004114
1421.457184	.0004536
1422.421538	.0004341
1423.385891	.0003637
1424.350245	.0004069
1425.314598	.000492
1426.278952	.0004933
1427.243306	.0004282
1428.207659	.0003944
1429.172013	.000415
1430.136366	.000475
1431.100720	.0005489
1432.065073	.0004859
1433.029427	.0002972
1433.993781	.0002456
1434.958134	.0004169
1435.922488	.0005727
1436.886841	.0005007
1437.851195	.0003747
1438.815549	.0003851
1439.779902	.0004067
1440.744256	.0003326
1441.708609	.00022
1442.672963	.0001804
1443.637317	.0002651
1444.601670	.0003873
1445.566024	.000461
1446.530377	.0005465
1447.494731	.0006185
1448.459084	.0005609
1449.423438	.0004486
1450.387792	.0004158
1451.352145	.0003971
1452.316499	.0003389
1453.280852	.0003195
1454.245206	.0003206
1455.209560	.0003066
1456.173913	.0004182
1457.138267	.0006366
1458.102620	.0006333
1459.066974	.0004348
1460.031327	.0002799
1460.995681	.0002383
1461.960035	.000302
1462.924388	.0004245
1463.888742	.0005484
1464.853095	.0006126
1465.817449	.0005645
1466.781803	.0004411
1467.746156	.0003444
1468.710510	.0002933
1469.674863	.0001736
1470.639217	.0000609
1471.603571	.0001605
1472.567924	.0003993
1473.532278	.0005825
1474.496631	.0005888
1475.460985	.0005055
1476.425338	.0004538
1477.389692	.0004588
1478.354046	.0004049
1479.318399	.000226
1480.282753	.0000706
1481.247106	.0000649
1482.211460	.0000946
1483.175814	.0001082
1484.140167	.0001848
1485.104521	.0002501
1486.068874	.0002685
1487.033228	.0003868
1487.997581	.0005204
1488.961935	.0004743
1489.926289	.0003444
1490.890642	.0002976
1491.854996	.0003061
1492.819349	.0003147
1493.783703	.0003251
1494.748057	.0003401
1495.712410	.0003101
1496.676764	.0003079
1497.641117	.0004347
1498.605471	.0005649
1499.569824	.0005786
1500.534178	.0006068
1501.498532	.0006624
1502.462885	.0006312
1503.427239	.0005453
1504.391592	.0005367
1505.355946	.0007064
1506.320300	.0010358
1507.284653	.0013117
1508.249007	.0014149
1509.213360	.001488
1510.177714	.0016532
1511.142068	.0018742
1512.106421	.0020853
1513.070775	.0022833
1514.035128	.0024924
1514.999482	.0027306
1515.963835	.0030888
1516.928189	.0036319
1517.892543	.0042621
1518.856896	.0048135
1519.821250	.0053805
1520.785603	.0061814
1521.749957	.0070126
1522.714311	.0076161
1523.678664	.0082421
1524.643018	.009113
1525.607371	.010174
1526.571725	.011201
1527.536078	.012134
1528.500432	.013093
1529.464786	.014166
1530.429139	.015365
1531.393493	.016757
1532.357846	.018408
1533.322200	.020108
1534.286554	.021462
1535.250907	.022595
1536.215261	.023909
1537.179614	.025483
1538.143968	.027481
1539.108321	.029929
1540.072675	.031892
1541.037029	.033215
1542.001382	.034565
1542.965736	.035844
1543.930089	.037082
1544.894443	.038483
1545.858797	.039846
1546.823150	.041201
1547.787504	.042755
1548.751857	.044411
1549.716211	.046059
1550.680565	.047543
1551.644918	.048866
1552.609272	.050392
1553.573625	.052331
1554.537979	.054132
1555.502332	.055314
1556.466686	.056859
1557.431040	.059543
1558.395393	.062673
1559.359747	.064642
1560.324100	.064593
1561.288454	.063678
1562.252808	.063554
1563.217161	.064482
1564.181515	.065914
1565.145868	.067159
1566.110222	.067938
1567.074575	.068776
1568.038929	.070269
1569.003283	.072152
1569.967636	.073257
1570.931990	.073333
1571.896343	.073561
1572.860697	.074375
1573.825051	.075568
1574.789404	.077295
1575.753758	.079296
1576.718111	.080038
1577.682465	.079612
1578.646819	.079504
1579.611172	.079888
1580.575526	.080462
1581.539879	.081139
1582.504233	.081829
1583.468586	.082474
1584.432940	.083098
1585.397294	.083676
1586.361647	.084199
1587.326001	.084788
1588.290354	.085494
1589.254708	.086163
1590.219062	.08666
1591.183415	.087092
1592.147769	.087648
1593.112122	.088259
1594.076476	.088783
1595.040829	.089215
1596.005183	.089678
1596.969537	.090265
1597.933890	.09086
1598.898244	.091385
1599.862597	.09186
1600.826951	.092264
1601.791305	.092608
1602.755658	.092967
1603.720012	.093404
1604.684365	.093934
1605.648719	.094524
1606.613072	.095017
1607.577426	.095452
1608.541780	.096042
1609.506133	.096577
1610.470487	.096831
1611.434840	.097082
1612.399194	.097496
1613.363548	.09794
1614.327901	.098637
1615.292255	.10012
1616.256608	.10191
1617.220962	.10208
1618.185316	.10107
1619.149669	.10074
1620.114023	.10101
1621.078376	.10147
1622.042730	.10245
1623.007083	.10374
1623.971437	.1042
1624.935791	.10388
1625.900144	.10397
1626.864498	.1047
1627.828851	.10539
1628.793205	.10554
1629.757559	.10556
1630.721912	.10581
1631.686266	.10622
1632.650619	.10696
1633.614973	.10853
1634.579326	.11106
1635.543680	.1127
1636.508034	.11203
1637.472387	.11107
1638.436741	.11066
1639.401094	.11065
1640.365448	.111
1641.329802	.11153
1642.294155	.11204
1643.258509	.11258
1644.222862	.11371
1645.187216	.11575
1646.151569	.11749
1647.115923	.11774
1648.080277	.11717
1649.044630	.11655
1650.008984	.11666
1650.973337	.11854
1651.937691	.12272
1652.902045	.12682
1653.866398	.12579
1654.830752	.12262
1655.795105	.12073
1656.759459	.12019
1657.723813	.12043
1658.688166	.12098
1659.652520	.12157
1660.616873	.12224
1661.581227	.12343
1662.545580	.12469
1663.509934	.12479
1664.474288	.12423
1665.438641	.12418
1666.402995	.1248
1667.367348	.12615
1668.331702	.12828
1669.296056	.12988
1670.260409	.12987
1671.224763	.12938
1672.189116	.12906
1673.153470	.1293
1674.117823	.13095
1675.082177	.13284
1676.046531	.1324
1677.010884	.13096
1677.975238	.13062
1678.939591	.13134
1679.903945	.13226
1680.868299	.13277
1681.832652	.13368
1682.797006	.13626
1683.761359	.13973
1684.725713	.14033
1685.690067	.13754
1686.654420	.13562
1687.618774	.13545
1688.583127	.13588
1689.547481	.1362
1690.511834	.13627
1691.476188	.13625
1692.440542	.13653
1693.404895	.13748
1694.369249	.13964
1695.333602	.14223
1696.297956	.14224
1697.262310	.14047
1698.226663	.14069
1699.191017	.14407
1700.155370	.14761
1701.119724	.14543
1702.084077	.14164
1703.048431	.14059
1704.012785	.14136
1704.977138	.14219
1705.941492	.1424
1706.905845	.14192
1707.870199	.14111
1708.834553	.14078
1709.798906	.14096
1710.763260	.14107
1711.727613	.1411
1712.691967	.14164
1713.656320	.14283
1714.620674	.14386
1715.585028	.14436
1716.549381	.14546
1717.513735	.14689
1718.478088	.14617
1719.442442	.14376
1720.406796	.14206
1721.371149	.14161
1722.335503	.14174
1723.299856	.14182
1724.264210	.14178
1725.228564	.14177
1726.192917	.14182
1727.157271	.14194
1728.121624	.14225
1729.085978	.14279
1730.050331	.14302
1731.014685	.14278
1731.979039	.14335
1732.943392	.14568
1733.907746	.14781
1734.872099	.14624
1735.836453	.14307
1736.800807	.14135
1737.765160	.14125
1738.729514	.14226
1739.693867	.14303
1740.658221	.14219
1741.622574	.1411
1742.586928	.14106
1743.551282	.14119
1744.515635	.14078
1745.479989	.14039
1746.444342	.14047
1747.408696	.14084
1748.373050	.14105
1749.337403	.14104
1750.301757	.14128
1751.266110	.14119
1752.230464	.1399
1753.194817	.13843
1754.159171	.13763
1755.123525	.13754
1756.087878	.13801
1757.052232	.13809
1758.016585	.13739
1758.980939	.13684
1759.945293	.13703
1760.909646	.13771
1761.874000	.13783
1762.838353	.13681
1763.802707	.13574
1764.767061	.13524
1765.731414	.13511
1766.695768	.13542
1767.660121	.13595
1768.624475	.13578
1769.588828	.1353
1770.553182	.13577
1771.517536	.13693
1772.481889	.13702
1773.446243	.13544
1774.410596	.13391
1775.374950	.13325
1776.339304	.13283
1777.303657	.13238
1778.268011	.13217
1779.232364	.13231
1780.196718	.13252
1781.161071	.13234
1782.125425	.13192
1783.089779	.13176
1784.054132	.13191
1785.018486	.13183
1785.982839	.13128
1786.947193	.13077
1787.911547	.13054
1788.875900	.13052
1789.840254	.13091
1790.804607	.13181
1791.768961	.13284
1792.733315	.13284
1793.697668	.1316
1794.662022	.13067
1795.626375	.13054
1796.590729	.13051
1797.555082	.13052
1798.519436	.13093
1799.483790	.1314
1800.448143	.13142
1801.412497	.13127
1802.376850	.1312
1803.341204	.13096
1804.305558	.13065
1805.269911	.13056
1806.234265	.13064
1807.198618	.13079
1808.162972	.131
1809.127325	.13134
1810.091679	.13172
1811.056033	.13181
1812.020386	.13167
1812.984740	.13163
1813.949093	.13176
1814.913447	.13199
1815.877801	.13229
1816.842154	.13259
1817.806508	.13285
1818.770861	.13316
1819.735215	.13359
1820.699568	.13407
1821.663922	.1345
1822.628276	.13494
1823.592629	.13565
1824.556983	.13657
1825.521336	.13694
1826.485690	.1367
1827.450044	.13684
1828.414397	.13781
1829.378751	.13908
1830.343104	.13957
1831.307458	.13919
1832.271812	.13901
1833.236165	.1394
1834.200519	.14001
1835.164872	.14064
1836.129226	.14133
1837.093579	.14204
1838.057933	.14261
1839.022287	.14312
1839.986640	.14377
1840.950994	.14452
1841.915347	.14546
1842.879701	.14718
1843.844055	.14921
1844.808408	.14955
1845.772762	.14876
1846.737115	.14883
1847.701469	.14956
1848.665822	.15016
1849.630176	.1507
1850.594530	.1514
1851.558883	.15218
1852.523237	.15294
1853.487590	.15375
1854.451944	.15462
1855.416298	.15545
1856.380651	.15633
1857.345005	.15727
1858.309358	.1581
1859.273712	.15889
1860.238065	.15981
1861.202419	.16073
1862.166773	.16155
1863.131126	.16231
1864.095480	.16311
1865.059833	.16414
1866.024187	.16543
1866.988541	.16685
1867.952894	.16843
1868.917248	.16974
1869.881601	.17007
1870.845955	.16991
1871.810309	.17026
1872.774662	.17121
1873.739016	.17224
1874.703369	.17312
1875.667723	.17401
1876.632076	.17504
1877.596430	.17605
1878.560784	.17692
1879.525137	.17773
1880.489491	.1786
1881.453844	.17956
1882.418198	.18061
1883.382552	.18155
1884.346905	.18224
1885.311259	.18284
1886.275612	.18356
1887.239966	.18448
1888.204319	.18569
1889.168673	.18695
1890.133027	.18764
1891.097380	.18789
1892.061734	.18834
1893.026087	.18917
1893.990441	.19029
1894.954795	.19133
1895.919148	.19201
1896.883502	.19259
1897.847855	.19338
1898.812209	.19431
1899.776562	.19521
1900.740916	.19593
1901.705270	.19655
1902.669623	.19717
1903.633977	.19777
1904.598330	.19835
1905.562684	.19899
1906.527038	.1997
1907.491391	.20044
1908.455745	.20109
1909.420098	.20177
1910.384452	.20254
1911.348806	.2032
1912.313159	.20376
1913.277513	.20439
1914.241866	.20513
1915.206220	.20604
1916.170573	.20733
1917.134927	.20906
1918.099281	.21017
1919.063634	.2101
1920.027988	.21003
1920.992341	.21076
1921.956695	.21184
1922.921049	.21262
1923.885402	.21298
1924.849756	.2134
1925.814109	.21407
1926.778463	.21467
1927.742816	.21516
1928.707170	.21583
1929.671524	.21673
1930.635877	.21768
1931.600231	.21853
1932.564584	.2193
1933.528938	.22014
1934.493292	.22113
1935.457645	.22211
1936.421999	.22292
1937.386352	.22377
1938.350706	.22485
1939.315060	.226
1940.279413	.2271
1941.243767	.22844
1942.208120	.22983
1943.172474	.23061
1944.136827	.23099
1945.101181	.23164
1946.065535	.23249
1947.029888	.23333
1947.994242	.23424
1948.958595	.23531
1949.922949	.23645
1950.887303	.23757
1951.851656	.23872
1952.816010	.23998
1953.780363	.24132
1954.744717	.24265
1955.709070	.2439
1956.673424	.2451
1957.637778	.24637
1958.602131	.24781
1959.566485	.2493
1960.530838	.25073
1961.495192	.25196
1962.459546	.25298
1963.423899	.25414
1964.388253	.25562
1965.352606	.25725
1966.316960	.2589
1967.281313	.26045
1968.245667	.2617
1969.210021	.26283
1970.174374	.26417
1971.138728	.26576
1972.103081	.26743
1973.067435	.26904
1974.031789	.27064
1974.996142	.27244
1975.960496	.27436
1976.924849	.2761
1977.889203	.2777
1978.853557	.27941
1979.817910	.28119
1980.782264	.28294
1981.746617	.28469
1982.710971	.28641
1983.675324	.28808
1984.639678	.28978
1985.604032	.29156
1986.568385	.29338
1987.532739	.2952
1988.497092	.29694
1989.461446	.2987
1990.425800	.3008
1991.390153	.30311
1992.354507	.30505
1993.318860	.30665
1994.283214	.30847
1995.247567	.31055
1996.211921	.31259
1997.176275	.31452
1998.140628	.31649
1999.104982	.31859
2000.069335	.32065
2001.033689	.3225
2001.998043	.32432
2002.962396	.32625
2003.926750	.32819
2004.891103	.33004
2005.855457	.33189
2006.819810	.33377
2007.784164	.33569
2008.748518	.33768
2009.712871	.33965
2010.677225	.3415
2011.641578	.3434
2012.605932	.3455
2013.570286	.34764
2014.534639	.34984
2015.498993	.35227
2016.463346	.35461
2017.427700	.35658
2018.392054	.35839
2019.356407	.36021
2020.320761	.36208
2021.285114	.36397
2022.249468	.36581
2023.213821	.36755
2024.178175	.3692
2025.142529	.37089
2026.106882	.37264
2027.071236	.37442
2028.035589	.37623
2028.999943	.37802
2029.964297	.37975
2030.928650	.38151
2031.893004	.38332
2032.857357	.38519
2033.821711	.38716
2034.786064	.38913
2035.750418	.39094
2036.714772	.39266
2037.679125	.39437
2038.643479	.39606
2039.607832	.39783
2040.572186	.39966
2041.536540	.40135
2042.500893	.40277
2043.465247	.40418
2044.429600	.40571
2045.393954	.40716
2046.358308	.40846
2047.322661	.40974
2048.287015	.41106
2049.251368	.41241
2050.215722	.41377
2051.180075	.41511
2052.144429	.41647
2053.108783	.41796
2054.073136	.4196
2055.037490	.42117
2056.001843	.42256
2056.966197	.42401
2057.930551	.42557
2058.894904	.42708
2059.859258	.42845
2060.823611	.42972
2061.787965	.4309
2062.752318	.43206
2063.716672	.43331
2064.681026	.43455
2065.645379	.43553
2066.609733	.43643
2067.574086	.43749
2068.538440	.43865
2069.502794	.43983
2070.467147	.44105
2071.431501	.44227
2072.395854	.44353
2073.360208	.44487
2074.324561	.44625
2075.288915	.44754
2076.253269	.44865
2077.217622	.44975
2078.181976	.451
2079.146329	.45235
2080.110683	.45359
2081.075037	.45468
2082.039390	.45578
2083.003744	.45691
2083.968097	.45801
2084.932451	.45911
2085.896805	.46021
2086.861158	.46138
2087.825512	.46271
2088.789865	.46402
2089.754219	.46511
2090.718572	.46606
2091.682926	.46711
2092.647280	.4684
2093.611633	.4698
2094.575987	.47116
2095.540340	.47242
2096.504694	.47361
2097.469048	.47486
2098.433401	.47622
2099.397755	.47756
2100.362108	.47884
2101.326462	.48009
2102.290815	.48132
2103.255169	.48242
2104.219523	.4835
2105.183876	.48475
2106.148230	.48608
2107.112583	.48733
2108.076937	.48854
2109.041291	.48986
2110.005644	.49123
2110.969998	.49256
2111.934351	.4939
2112.898705	.49527
2113.863058	.49666
2114.827412	.49804
2115.791766	.49934
2116.756119	.50061
2117.720473	.50201
2118.684826	.50356
2119.649180	.50516
2120.613534	.5066
2121.577887	.50777
2122.542241	.50884
2123.506594	.51006
2124.470948	.51137
2125.435302	.51264
2126.399655	.51394
2127.364009	.51538
2128.328362	.51688
2129.292716	.51832
2130.257069	.51966
2131.221423	.52107
2132.185777	.5226
2133.150130	.52401
2134.114484	.52531
2135.078837	.52672
2136.043191	.52817
2137.007545	.52952
2137.971898	.53088
2138.936252	.53228
2139.900605	.53366
2140.864959	.5351
2141.829312	.53654
2142.793666	.53782
2143.758020	.53911
2144.722373	.54047
2145.686727	.54185
2146.651080	.54327
2147.615434	.54483
2148.579788	.54643
2149.544141	.54792
2150.508495	.54934
2151.472848	.55078
2152.437202	.55218
2153.401556	.55351
2154.365909	.55485
2155.330263	.55619
2156.294616	.55747
2157.258970	.55874
2158.223323	.56005
2159.187677	.56135
2160.152031	.56267
2161.116384	.56402
2162.080738	.56537
2163.045091	.56668
2164.009445	.56792
2164.973799	.56922
2165.938152	.57073
2166.902506	.57223
2167.866859	.5736
2168.831213	.57494
2169.795566	.57641
2170.759920	.57802
2171.724274	.57961
2172.688627	.58103
2173.652981	.58228
2174.617334	.58353
2175.581688	.58491
2176.546042	.58628
2177.510395	.58754
2178.474749	.58872
2179.439102	.58984
2180.403456	.591
2181.367809	.59229
2182.332163	.59355
2183.296517	.59469
2184.260870	.59591
2185.225224	.59728
2186.189577	.59874
2187.153931	.60014
2188.118285	.6014
2189.082638	.60264
2190.046992	.60412
2191.011345	.60577
2191.975699	.60734
2192.940053	.60876
2193.904406	.61014
2194.868760	.6115
2195.833113	.6127
2196.797467	.61377
2197.761820	.61497
2198.726174	.61626
2199.690528	.61742
2200.654881	.61842
2201.619235	.61936
2202.583588	.62029
2203.547942	.62131
2204.512296	.62241
2205.476649	.62356
2206.441003	.62487
2207.405356	.6263
2208.369710	.6277
2209.334063	.62906
2210.298417	.63056
2211.262771	.63207
2212.227124	.63337
2213.191478	.63464
2214.155831	.63606
2215.120185	.63756
2216.084539	.63894
2217.048892	.64013
2218.013246	.64114
2218.977599	.642
2219.941953	.64283
2220.906306	.64369
2221.870660	.64462
2222.835014	.64556
2223.799367	.64645
2224.763721	.64738
2225.728074	.64842
2226.692428	.64946
2227.656782	.65056
2228.621135	.65191
2229.585489	.65334
2230.549842	.65469
2231.514196	.65604
2232.478550	.65744
2233.442903	.65885
2234.407257	.6602
2235.371610	.66151
2236.335964	.6628
2237.300317	.66395
2238.264671	.6649
2239.229025	.66569
2240.193378	.66635
2241.157732	.66692
2242.122085	.66746
2243.086439	.66804
2244.050793	.66873
2245.015146	.66937
2245.979500	.66993
2246.943853	.67068
2247.908207	.67171
2248.872560	.67282
2249.836914	.67399
2250.801268	.6754
2251.765621	.67694
2252.729975	.6783
2253.694328	.67955
2254.658682	.68082
2255.623036	.68209
2256.587389	.68313
2257.551743	.68387
2258.516096	.68446
2259.480450	.68498
2260.444804	.68553
2261.409157	.68616
2262.373511	.68667
2263.337864	.68686
2264.302218	.68693
2265.266571	.6872
2266.230925	.68771
2267.195279	.6883
2268.159632	.68888
2269.123986	.68965
2270.088339	.69069
2271.052693	.69187
2272.017047	.69311
2272.981400	.69441
2273.945754	.69586
2274.910107	.69733
2275.874461	.6987
2276.838814	.6999
2277.803168	.70103
2278.767522	.70207
2279.731875	.7029
2280.696229	.70351
2281.660582	.70393
2282.624936	.70425
2283.589290	.70434
2284.553643	.7041
2285.517997	.70367
2286.482350	.70332
2287.446704	.70326
2288.411057	.70345
2289.375411	.70388
2290.339765	.70441
2291.304118	.70497
2292.268472	.70568
2293.232825	.7064
2294.197179	.70711
2295.161533	.70779
2296.125886	.70853
2297.090240	.70924
2298.054593	.70967
2299.018947	.70977
2299.983301	.70956
2300.947654	.70932
2301.912008	.70894
2302.876361	.70839
2303.840715	.70771
2304.805068	.70662
2305.769422	.7051
2306.733776	.70345
2307.698129	.70201
2308.662483	.70079
2309.626836	.69986
2310.591190	.6992
2311.555544	.69882
2312.519897	.69902
2313.484251	.69951
2314.448604	.70019
2315.412958	.70086
2316.377311	.70103
2317.341665	.70065
2318.306019	.69968
2319.270372	.69822
2320.234726	.69639
2321.199079	.69473
2322.163433	.69349
2323.127787	.69218
2324.092140	.69104
2325.056494	.69034
2326.020847	.68959
2326.985201	.6883
2327.949554	.68647
2328.913908	.68426
2329.878262	.68233
2330.842615	.68156
2331.806969	.68186
2332.771322	.6829
2333.735676	.68453
2334.700030	.68606
2335.664383	.68636
2336.628737	.68626
2337.593090	.68711
2338.557444	.68754
2339.521798	.68682
2340.486151	.68637
2341.450505	.68699
2342.414858	.68771
2343.379212	.6878
2344.343565	.68789
2345.307919	.6892
2346.272273	.69251
2347.236626	.69782
2348.200980	.70307
2349.165333	.70439
2350.129687	.70071
2351.094041	.6951
2352.058394	.69015
2353.022748	.68577
2353.987101	.6818
2354.951455	.6785
2355.915808	.67613
2356.880162	.6747
2357.844516	.67422
2358.808869	.67401
2359.773223	.67363
2360.737576	.67414
2361.701930	.67593
2362.666284	.67789
2363.630637	.67936
2364.594991	.68086
2365.559344	.68298
2366.523698	.68548
2367.488052	.68766
2368.452405	.68963
2369.416759	.69198
2370.381112	.69504
2371.345466	.69851
2372.309819	.70184
2373.274173	.70531
2374.238527	.70912
2375.202880	.71303
2376.167234	.71703
2377.131587	.72118
2378.095941	.72542
2379.060295	.72967
2380.024648	.73395
2380.989002	.73814
2381.953355	.74192
2382.917709	.74494
2383.882062	.74719
2384.846416	.74882
2385.810770	.74992
2386.775123	.75043
2387.739477	.75026
2388.703830	.74966
2389.668184	.74898
2390.632538	.7482
2391.596891	.74731
2392.561245	.74645
2393.525598	.74582
2394.489952	.74567
2395.454305	.74608
2396.418659	.74686
2397.383013	.74785
2398.347366	.74898
2399.311720	.75013
2400.276073	.75122
2401.240427	.75235
2402.204781	.75352
2403.169134	.75447
2404.133488	.755
2405.097841	.75521
2406.062195	.75522
2407.026549	.75489
2407.990902	.75408
2408.955256	.75293
2409.919609	.75165
2410.883963	.75042
2411.848316	.74932
2412.812670	.7483
2413.777024	.74742
2414.741377	.74689
2415.705731	.74682
2416.670084	.74704
2417.634438	.74745
2418.598792	.74823
2419.563145	.74934
2420.527499	.75061
2421.491852	.75199
2422.456206	.75329
2423.420559	.75425
2424.384913	.75499
2425.349267	.75564
2426.313620	.75593
2427.277974	.75568
2428.242327	.75511
2429.206681	.75439
2430.171035	.75333
2431.135388	.75193
2432.099742	.75042
2433.064095	.74898
2434.028449	.74767
2434.992802	.74676
2435.957156	.7462
2436.921510	.74576
2437.885863	.74575
2438.850217	.74646
2439.814570	.74755
2440.778924	.74871
2441.743278	.74995
2442.707631	.75135
2443.671985	.75291
2444.636338	.75428
2445.600692	.75515
2446.565046	.75561
2447.529399	.75581
2448.493753	.75562
2449.458106	.75492
2450.422460	.75394
2451.386813	.75291
2452.351167	.75172
2453.315521	.75016
2454.279874	.74853
2455.244228	.74723
2456.208581	.74625
2457.172935	.7454
2458.137289	.74489
2459.101642	.74496
2460.065996	.74551
2461.030349	.74646
2461.994703	.74784
2462.959056	.74945
2463.923410	.75093
2464.887764	.75225
2465.852117	.75349
2466.816471	.75453
2467.780824	.75525
2468.745178	.75557
2469.709532	.75549
2470.673885	.75502
2471.638239	.75419
2472.602592	.75312
2473.566946	.75178
2474.531300	.75022
2475.495653	.74863
2476.460007	.7472
2477.424360	.74608
2478.388714	.74543
2479.353067	.74522
2480.317421	.74526
2481.281775	.74573
2482.246128	.74686
2483.210482	.74838
2484.174835	.74996
2485.139189	.75152
2486.103543	.75301
2487.067896	.75439
2488.032250	.75562
2488.996603	.75653
2489.960957	.75706
2490.925310	.75734
2491.889664	.7572
2492.854018	.7564
2493.818371	.75519
2494.782725	.75386
2495.747078	.75244
2496.711432	.75095
2497.675786	.74955
2498.640139	.7484
2499.604493	.74757
2500.568846	.74721
2501.533200	.74733
2502.497553	.74786
2503.461907	.7489
2504.426261	.75043
2505.390614	.75212
2506.354968	.7538
2507.319321	.75554
2508.283675	.75726
2509.248029	.75883
2510.212382	.76002
2511.176736	.76072
2512.141089	.76107
2513.105443	.76097
2514.069797	.76024
2515.034150	.75922
2515.998504	.75814
2516.962857	.7569
2517.927211	.75549
2518.891564	.75393
2519.855918	.75252
2520.820272	.75163
2521.784625	.75112
2522.748979	.75102
2523.713332	.75173
2524.677686	.75317
2525.642040	.75473
2526.606393	.7563
2527.570747	.75814
2528.535100	.76012
2529.499454	.76198
2530.463807	.76363
2531.428161	.76489
2532.392515	.76573
2533.356868	.76626
2534.321222	.76632
2535.285575	.76572
2536.249929	.76478
2537.214283	.76377
2538.178636	.76249
2539.142990	.76086
2540.107343	.75925
2541.071697	.75787
2542.036050	.75674
2543.000404	.75607
2543.964758	.75602
2544.929111	.7565
2545.893465	.75745
2546.857818	.75888
2547.822172	.7606
2548.786526	.76252
2549.750879	.76475
2550.715233	.76698
2551.679586	.76878
2552.643940	.77016
2553.608294	.77123
2554.572647	.77184
2555.537001	.77189
2556.501354	.77144
2557.465708	.77047
2558.430061	.76904
2559.394415	.76742
2560.358769	.76574
2561.323122	.7641
2562.287476	.7627
2563.251829	.76155
2564.216183	.76056
2565.180537	.76003
2566.144890	.76023
2567.109244	.7611
2568.073597	.7625
2569.037951	.76426
2570.002304	.76617
2570.966658	.76815
2571.931012	.77018
2572.895365	.77223
2573.859719	.77402
2574.824072	.77528
2575.788426	.77593
2576.752780	.77589
2577.717133	.77527
2578.681487	.77428
2579.645840	.77292
2580.610194	.77121
2581.574547	.76931
2582.538901	.7674
2583.503255	.76558
2584.467608	.76401
2585.431962	.7629
2586.396315	.76226
2587.360669	.76209
2588.325023	.76252
2589.289376	.76364
2590.253730	.76524
2591.218083	.76708
2592.182437	.76912
2593.146791	.7713
2594.111144	.77334
2595.075498	.77496
2596.039851	.77599
2597.004205	.77643
2597.968558	.77645
2598.932912	.77609
2599.897266	.77522
2600.861619	.7738
2601.825973	.77197
2602.790326	.76982
2603.754680	.7675
2604.719034	.76528
2605.683387	.76332
2606.647741	.76181
2607.612094	.76096
2608.576448	.76057
2609.540801	.76051
2610.505155	.76104
2611.469509	.76215
2612.433862	.76362
2613.398216	.76547
2614.362569	.76756
2615.326923	.76952
2616.291277	.77106
2617.255630	.77206
2618.219984	.77265
2619.184337	.77283
2620.148691	.77245
2621.113045	.77144
2622.077398	.76978
2623.041752	.76764
2624.006105	.76534
2624.970459	.76294
2625.934812	.7606
2626.899166	.75854
2627.863520	.75667
2628.827873	.75498
2629.792227	.75389
2630.756580	.75363
2631.720934	.75404
2632.685288	.75494
2633.649641	.75625
2634.613995	.7578
2635.578348	.75949
2636.542702	.7612
2637.507055	.76277
2638.471409	.76407
2639.435763	.76486
2640.400116	.76498
2641.364470	.76452
2642.328823	.76351
2643.293177	.76203
2644.257531	.76017
2645.221884	.75788
2646.186238	.75523
2647.150591	.75256
2648.114945	.7501
2649.079298	.74793
2650.043652	.74615
2651.008006	.74485
2651.972359	.74409
2652.936713	.74394
2653.901066	.74443
2654.865420	.74555
2655.829774	.74718
2656.794127	.74893
2657.758481	.7505
2658.722834	.75184
2659.687188	.75315
2660.651542	.75429
2661.615895	.75482
2662.580249	.75455
2663.544602	.7536
2664.508956	.75217
2665.473309	.75049
2666.437663	.7485
2667.402017	.74604
2668.366370	.74337
2669.330724	.74081
2670.295077	.73843
2671.259431	.73628
2672.223785	.73467
2673.188138	.73384
2674.152492	.73367
2675.116845	.73394
2676.081199	.7347
2677.045552	.73598
2678.009906	.73769
2678.974260	.7396
2679.938613	.7414
2680.902967	.74283
2681.867320	.74377
2682.831674	.74429
2683.796028	.74443
2684.760381	.74409
2685.724735	.74307
2686.689088	.74142
2687.653442	.73937
2688.617795	.73704
2689.582149	.73451
2690.546503	.73199
2691.510856	.72967
2692.475210	.72764
2693.439563	.72588
2694.403917	.72451
2695.368271	.72383
2696.332624	.72401
2697.296978	.72487
2698.261331	.72619
2699.225685	.72801
2700.190039	.73003
2701.154392	.73186
2702.118746	.73348
2703.083099	.73491
2704.047453	.73602
2705.011806	.7366
2705.976160	.73654
2706.940514	.73592
2707.904867	.73478
2708.869221	.73312
2709.833574	.7311
2710.797928	.72892
2711.762282	.72678
2712.726635	.72481
2713.690989	.72288
2714.655342	.721
2715.619696	.71959
2716.584049	.719
2717.548403	.71912
2718.512757	.71968
2719.477110	.72068
2720.441464	.72221
2721.405817	.72414
2722.370171	.7262
2723.334525	.72827
2724.298878	.7304
2725.263232	.73225
2726.227585	.73328
2727.191939	.73358
2728.156293	.73366
2729.120646	.73337
2730.085000	.73232
2731.049353	.73074
2732.013707	.72896
2732.978060	.72694
2733.942414	.72481
2734.906768	.72286
2735.871121	.72124
2736.835475	.72002
2737.799828	.71937
2738.764182	.71946
2739.728536	.72025
2740.692889	.72143
2741.657243	.72291
2742.621596	.7249
2743.585950	.72734
2744.550303	.72981
2745.514657	.73216
2746.479011	.73438
2747.443364	.73626
2748.407718	.73751
2749.372071	.73802
2750.336425	.73797
2751.300779	.73759
2752.265132	.73682
2753.229486	.73547
2754.193839	.73358
2755.158193	.73153
2756.122546	.72968
2757.086900	.72803
2758.051254	.72653
2759.015607	.72547
2759.979961	.72513
2760.944314	.72563
2761.908668	.72688
2762.873022	.72847
2763.837375	.73034
2764.801729	.73275
2765.766082	.73563
2766.730436	.73849
2767.694790	.74103
2768.659143	.74321
2769.623497	.74488
2770.587850	.74597
2771.552204	.74661
2772.516557	.74667
2773.480911	.74592
2774.445265	.74455
2775.409618	.7429
2776.373972	.74104
2777.338325	.73904
2778.302679	.73721
2779.267033	.7358
2780.231386	.73485
2781.195740	.73414
2782.160093	.73376
2783.124447	.73428
2784.088800	.73583
2785.053154	.73785
2786.017508	.74001
2786.981861	.7425
2787.946215	.74549
2788.910568	.74865
2789.874922	.75135
2790.839276	.75346
2791.803629	.75509
2792.767983	.75608
2793.732336	.75623
2794.696690	.75564
2795.661043	.75436
2796.625397	.75261
2797.589751	.75083
2798.554104	.74914
2799.518458	.74728
2800.482811	.74538
2801.447165	.74376
2802.411519	.74254
2803.375872	.74204
2804.340226	.74243
2805.304579	.74339
2806.268933	.74481
2807.233287	.74694
2808.197640	.74987
2809.161994	.75313
2810.126347	.75606
2811.090701	.75868
2812.055054	.76116
2813.019408	.76319
2813.983762	.76448
2814.948115	.76516
2815.912469	.7653
2816.876822	.76475
2817.841176	.76356
2818.805530	.76202
2819.769883	.76017
2820.734237	.75794
2821.698590	.75567
2822.662944	.75382
2823.627297	.75237
2824.591651	.75139
2825.556005	.75112
2826.520358	.75164
2827.484712	.75302
2828.449065	.75529
2829.413419	.75803
2830.377773	.76085
2831.342126	.7639
2832.306480	.76712
2833.270833	.76993
2834.235187	.77214
2835.199541	.77382
2836.163894	.77492
2837.128248	.7755
2838.092601	.77544
2839.056955	.7744
2840.021308	.77267
2840.985662	.77085
2841.950016	.76882
2842.914369	.76633
2843.878723	.76382
2844.843076	.76186
2845.807430	.76039
2846.771784	.75913
2847.736137	.75847
2848.700491	.75904
2849.664844	.76071
2850.629198	.76314
2851.593551	.76619
2852.557905	.76959
2853.522259	.77313
2854.486612	.77663
2855.450966	.77967
2856.415319	.78204
2857.379673	.78394
2858.344027	.78524
2859.308380	.78554
2860.272734	.78484
2861.237087	.78363
2862.201441	.78229
2863.165794	.7807
2864.130148	.77853
2865.094502	.77604
2866.058855	.77382
2867.023209	.77215
2867.987562	.77105
2868.951916	.77063
2869.916270	.77105
2870.880623	.77233
2871.844977	.77431
2872.809330	.77672
2873.773684	.77943
2874.738038	.78266
2875.702391	.78637
2876.666745	.78982
2877.631098	.79233
2878.595452	.79405
2879.559805	.79537
2880.524159	.79616
2881.488513	.79613
2882.452866	.79515
2883.417220	.79345
2884.381573	.79135
2885.345927	.7889
2886.310281	.78624
2887.274634	.78375
2888.238988	.78174
2889.203341	.78026
2890.167695	.77927
2891.132048	.7789
2892.096402	.77934
2893.060756	.78059
2894.025109	.78264
2894.989463	.78535
2895.953816	.78845
2896.918170	.79176
2897.882524	.79512
2898.846877	.79804
2899.811231	.80036
2900.775584	.80217
2901.739938	.80321
2902.704291	.80333
2903.668645	.80288
2904.632999	.80178
2905.597352	.7997
2906.561706	.7969
2907.526059	.79397
2908.490413	.79116
2909.454767	.78854
2910.419120	.78624
2911.383474	.78451
2912.347827	.78347
2913.312181	.783
2914.276535	.78314
2915.240888	.78421
2916.205242	.78629
2917.169595	.78905
2918.133949	.7921
2919.098302	.7952
2920.062656	.79826
2921.027010	.8013
2921.991363	.80393
2922.955717	.8057
2923.920070	.80672
2924.884424	.80709
2925.848778	.80653
2926.813131	.80522
2927.777485	.80358
2928.741838	.80157
2929.706192	.79907
2930.670545	.7964
2931.634899	.79389
2932.599253	.79195
2933.563606	.79077
2934.527960	.79028
2935.492313	.79052
2936.456667	.79148
2937.421021	.79319
2938.385374	.79584
2939.349728	.79929
2940.314081	.80298
2941.278435	.80662
2942.242789	.80991
2943.207142	.81243
2944.171496	.81422
2945.135849	.81559
2946.100203	.81629
2947.064556	.81585
2948.028910	.81448
2948.993264	.8126
2949.957617	.81028
2950.921971	.80763
2951.886324	.80481
2952.850678	.80192
2953.815032	.7992
2954.779385	.79693
2955.743739	.79539
2956.708092	.79484
2957.672446	.79513
2958.636799	.79626
2959.601153	.79847
2960.565507	.80152
2961.529860	.80487
2962.494214	.80826
2963.458567	.81156
2964.422921	.81446
2965.387275	.81667
2966.351628	.81829
2967.315982	.81947
2968.280335	.81995
2969.244689	.81934
2970.209042	.81774
2971.173396	.81549
2972.137750	.81293
2973.102103	.81025
2974.066457	.80739
2975.030810	.80441
2975.995164	.8017
2976.959518	.79961
2977.923871	.79838
2978.888225	.79816
2979.852578	.79876
2980.816932	.80015
2981.781286	.80242
2982.745639	.80552
2983.709993	.80917
2984.674346	.81279
2985.638700	.81596
2986.603053	.81861
2987.567407	.82067
2988.531761	.82194
2989.496114	.82251
2990.460468	.82255
2991.424821	.82176
2992.389175	.81988
2993.353529	.8172
2994.317882	.8142
2995.282236	.81117
2996.246589	.80818
2997.210943	.80525
2998.175296	.80267
2999.139650	.80085
3000.104004	.79988
3001.068357	.7997
3002.032711	.80035
3002.997064	.80198
3003.961418	.80467
3004.925772	.80805
3005.890125	.81145
3006.854479	.81453
3007.818832	.81743
3008.783186	.82026
3009.747539	.82265
3010.711893	.82408
3011.676247	.82448
3012.640600	.82399
3013.604954	.82249
3014.569307	.82011
3015.533661	.81733
3016.498015	.81428
3017.462368	.81092
3018.426722	.80757
3019.391075	.80448
3020.355429	.80193
3021.319783	.80041
3022.284136	.80002
3023.248490	.80042
3024.212843	.80144
3025.177197	.80326
3026.141550	.80591
3027.105904	.80902
3028.070258	.81231
3029.034611	.8158
3029.998965	.81916
3030.963318	.82173
3031.927672	.82341
3032.892026	.82436
3033.856379	.82427
3034.820733	.82308
3035.785086	.82121
3036.749440	.81887
3037.713793	.81614
3038.678147	.81318
3039.642501	.80999
3040.606854	.80686
3041.571208	.80424
3042.535561	.80209
3043.499915	.80042
3044.464269	.79954
3045.428622	.79969
3046.392976	.80103
3047.357329	.80318
3048.321683	.80589
3049.286037	.80929
3050.250390	.81297
3051.214744	.81612
3052.179097	.8186
3053.143451	.82077
3054.107804	.82249
3055.072158	.82325
3056.036512	.82293
3057.000865	.82175
3057.965219	.8199
3058.929572	.81739
3059.893926	.81428
3060.858280	.81096
3061.822633	.80783
3062.786987	.805
3063.751340	.80256
3064.715694	.80073
3065.680047	.79953
3066.644401	.79892
3067.608755	.79898
3068.573108	.8001
3069.537462	.80235
3070.501815	.80521
3071.466169	.80838
3072.430523	.81184
3073.394876	.81526
3074.359230	.81809
3075.323583	.82004
3076.287937	.82128
3077.252290	.82198
3078.216644	.82183
3079.180998	.82048
3080.145351	.81815
3081.109705	.81524
3082.074058	.81222
3083.038412	.80918
3084.002766	.80592
3084.967119	.80269
3085.931473	.79995
3086.895826	.79797
3087.860180	.79689
3088.824534	.79677
3089.788887	.79749
3090.753241	.79898
3091.717594	.80137
3092.681948	.80448
3093.646301	.80775
3094.610655	.81101
3095.575009	.81426
3096.539362	.81699
3097.503716	.81893
3098.468069	.82016
3099.432423	.82044
3100.396777	.81974
3101.361130	.81825
3102.325484	.81598
3103.289837	.81313
3104.254191	.80993
3105.218544	.80642
3106.182898	.80293
3107.147252	.80005
3108.111605	.79788
3109.075959	.7962
3110.040312	.79507
3111.004666	.79479
3111.969020	.79565
3112.933373	.79765
3113.897727	.80045
3114.862080	.80371
3115.826434	.80712
3116.790787	.81049
3117.755141	.81361
3118.719495	.81604
3119.683848	.81747
3120.648202	.81822
3121.612555	.8184
3122.576909	.81755
3123.541263	.81555
3124.505616	.81295
3125.469970	.81008
3126.434323	.80696
3127.398677	.80357
3128.363031	.80022
3129.327384	.79734
3130.291738	.795
3131.256091	.79318
3132.220445	.79233
3133.184798	.79269
3134.149152	.79395
3135.113506	.79586
3136.077859	.79849
3137.042213	.80181
3138.006566	.80542
3138.970920	.80866
3139.935274	.81117
3140.899627	.81314
3141.863981	.81473
3142.828334	.8157
3143.792688	.81581
3144.757041	.81481
3145.721395	.81266
3146.685749	.80985
3147.650102	.80693
3148.614456	.80394
3149.578809	.80082
3150.543163	.79774
3151.507517	.7948
3152.471870	.79229
3153.436224	.79075
3154.400577	.79027
3155.364931	.79064
3156.329284	.79184
3157.293638	.79381
3158.257992	.79638
3159.222345	.79942
3160.186699	.80281
3161.151052	.80603
3162.115406	.80854
3163.079760	.81057
3164.044113	.81222
3165.008467	.81291
3165.972820	.81244
3166.937174	.8113
3167.901528	.80969
3168.865881	.80732
3169.830235	.80413
3170.794588	.8006
3171.758942	.7972
3172.723295	.79409
3173.687649	.7913
3174.652003	.78923
3175.616356	.78811
3176.580710	.78774
3177.545063	.7882
3178.509417	.78961
3179.473771	.79165
3180.438124	.79418
3181.402478	.79728
3182.366831	.80062
3183.331185	.80377
3184.295538	.80667
3185.259892	.80911
3186.224246	.81059
3187.188599	.81088
3188.152953	.81023
3189.117306	.80885
3190.081660	.80673
3191.046014	.80386
3192.010367	.80061
3192.974721	.79737
3193.939074	.79425
3194.903428	.79136
3195.867782	.78892
3196.832135	.78711
3197.796489	.78599
3198.760842	.78561
3199.725196	.78608
3200.689549	.7875
3201.653903	.78971
3202.618257	.79253
3203.582610	.79588
3204.546964	.79943
3205.511317	.80253
3206.475671	.80478
3207.440025	.8064
3208.404378	.80777
3209.368732	.80843
3210.333085	.80769
3211.297439	.80589
3212.261792	.8038
3213.226146	.8014
3214.190500	.79829
3215.154853	.79465
3216.119207	.79128
3217.083560	.78848
3218.047914	.786
3219.012268	.78403
3219.976621	.78294
3220.940975	.78274
3221.905328	.78345
3222.869682	.78505
3223.834035	.78738
3224.798389	.79029
3225.762743	.79365
3226.727096	.7972
3227.691450	.80041
3228.655803	.80291
3229.620157	.80468
3230.584511	.80556
3231.548864	.80568
3232.513218	.80517
3233.477571	.80371
3234.441925	.80116
3235.406279	.798
3236.370632	.79476
3237.334986	.79158
3238.299339	.78831
3239.263693	.78533
3240.228046	.78304
3241.192400	.78126
3242.156754	.78011
3243.121107	.78016
3244.085461	.78152
3245.049814	.78373
3246.014168	.78622
3246.978522	.78881
3247.942875	.79159
3248.907229	.7947
3249.871582	.79792
3250.835936	.80055
3251.800289	.80204
3252.764643	.80264
3253.728997	.80286
3254.693350	.80246
3255.657704	.80086
3256.622057	.79822
3257.586411	.79513
3258.550765	.79188
3259.515118	.78861
3260.479472	.78557
3261.443825	.78291
3262.408179	.78058
3263.372532	.77887
3264.336886	.77824
3265.301240	.77852
3266.265593	.77935
3267.229947	.78086
3268.194300	.78336
3269.158654	.78673
3270.123008	.79017
3271.087361	.79312
3272.051715	.7956
3273.016068	.79762
3273.980422	.79908
3274.944776	.80003
3275.909129	.8003
3276.873483	.79947
3277.837836	.79752
3278.802190	.79501
3279.766543	.79235
3280.730897	.78951
3281.695251	.7863
3282.659604	.78296
3283.623958	.78004
3284.588311	.77776
3285.552665	.77625
3286.517019	.77573
3287.481372	.77606
3288.445726	.77702
3289.410079	.77875
3290.374433	.78135
3291.338786	.78449
3292.303140	.78762
3293.267494	.7905
3294.231847	.79307
3295.196201	.79522
3296.160554	.79669
3297.124908	.79728
3298.089262	.797
3299.053615	.79601
3300.017969	.79426
3300.982322	.79181
3301.946676	.78905
3302.911030	.7862
3303.875383	.78336
3304.839737	.78072
3305.804090	.77822
3306.768444	.77582
3307.732797	.77403
3308.697151	.77319
3309.661505	.77335
3310.625858	.77442
3311.590212	.77626
3312.554565	.7788
3313.518919	.7817
3314.483273	.78461
3315.447626	.78762
3316.411980	.79049
3317.376333	.79264
3318.340687	.79394
3319.305040	.79437
3320.269394	.79394
3321.233748	.79294
3322.198101	.79139
3323.162455	.78904
3324.126808	.78611
3325.091162	.78307
3326.055516	.78002
3327.019869	.77694
3327.984223	.7741
3328.948576	.77187
3329.912930	.77042
3330.877283	.76989
3331.841637	.77033
3332.805991	.77156
3333.770344	.77352
3334.734698	.77619
3335.699051	.7793
3336.663405	.78247
3337.627759	.78552
3338.592112	.7882
3339.556466	.79014
3340.520819	.79133
3341.485173	.79191
3342.449527	.79173
3343.413880	.79059
3344.378234	.78855
3345.342587	.78584
3346.306941	.7827
3347.271294	.77938
3348.235648	.77626
3349.200002	.77358
3350.164355	.77124
3351.128709	.76926
3352.093062	.76794
3353.057416	.76747
3354.021770	.76791
3354.986123	.76915
3355.950477	.77117
3356.914830	.77381
3357.879184	.77671
3358.843537	.77959
3359.807891	.78231
3360.772245	.78465
3361.736598	.78658
3362.700952	.78801
3363.665305	.78861
3364.629659	.78835
3365.594013	.78729
3366.558366	.7854
3367.522720	.78295
3368.487073	.78019
3369.451427	.77701
3370.415780	.77358
3371.380134	.77057
3372.344488	.76825
3373.308841	.76623
3374.273195	.7646
3375.237548	.7642
3376.201902	.76503
3377.166256	.76635
3378.130609	.76814
3379.094963	.77053
3380.059316	.77329
3381.023670	.77618
3381.988024	.77887
3382.952377	.78115
3383.916731	.78301
3384.881084	.78424
3385.845438	.78448
3386.809791	.78381
3387.774145	.78252
3388.738499	.78081
3389.702852	.77889
3390.667206	.77667
3391.631559	.77387
3392.595913	.77063
3393.560267	.7675
3394.524620	.76481
3395.488974	.76276
3396.453327	.76162
3397.417681	.76148
3398.382034	.76222
3399.346388	.76355
3400.310742	.76543
3401.275095	.76791
3402.239449	.7706
3403.203802	.7733
3404.168156	.77616
3405.132510	.77867
3406.096863	.78031
3407.061217	.78129
3408.025570	.78159
3408.989924	.78093
3409.954278	.77966
3410.918631	.77811
3411.882985	.77582
3412.847338	.7727
3413.811692	.76944
3414.776045	.76641
3415.740399	.76359
3416.704753	.76112
3417.669106	.75932
3418.633460	.75856
3419.597813	.75885
3420.562167	.7596
3421.526521	.76056
3422.490874	.76214
3423.455228	.76439
3424.419581	.76686
3425.383935	.76944
3426.348288	.77228
3427.312642	.77516
3428.276996	.77736
3429.241349	.77847
3430.205703	.77856
3431.170056	.77776
3432.134410	.77627
3433.098764	.77435
3434.063117	.77208
3435.027471	.76947
3435.991824	.76663
3436.956178	.76378
3437.920531	.76094
3438.884885	.75833
3439.849239	.75638
3440.813592	.7554
3441.777946	.75545
3442.742299	.75616
3443.706653	.75733
3444.671007	.75932
3445.635360	.76236
3446.599714	.76571
3447.564067	.76819
3448.528421	.7698
3449.492775	.77139
3450.457128	.773
3451.421482	.77407
3452.385835	.77427
3453.350189	.77371
3454.314542	.77255
3455.278896	.77069
3456.243250	.76806
3457.207603	.76517
3458.171957	.76256
3459.136310	.76005
3460.100664	.75756
3461.065018	.75557
3462.029371	.75423
3462.993725	.75311
3463.958078	.75231
3464.922432	.75257
3465.886785	.75398
3466.851139	.75603
3467.815493	.75842
3468.779846	.76097
3469.744200	.76343
3470.708553	.76573
3471.672907	.76784
3472.637261	.76964
3473.601614	.77088
3474.565968	.77116
3475.530321	.77047
3476.494675	.76916
3477.459028	.76743
3478.423382	.76536
3479.387736	.76291
3480.352089	.76019
3481.316443	.75767
3482.280796	.75515
3483.245150	.75233
3484.209504	.75005
3485.173857	.74898
3486.138211	.74903
3487.102564	.74999
3488.066918	.75133
3489.031272	.75287
3489.995625	.75501
3490.959979	.75768
3491.924332	.76032
3492.888686	.76257
3493.853039	.76458
3494.817393	.76655
3495.781747	.76808
3496.746100	.76829
3497.710454	.76722
3498.674807	.76569
3499.639161	.76414
3500.603515	.76266
3501.567868	.76112
3502.532222	.75893
3503.496575	.75569
3504.460929	.75202
3505.425282	.74891
3506.389636	.7469
3507.353990	.7462
3508.318343	.7467
3509.282697	.74779
3510.247050	.74889
3511.211404	.75032
3512.175758	.75247
3513.140111	.7549
3514.104465	.75715
3515.068818	.75932
3516.033172	.76148
3516.997526	.76326
3517.961879	.76444
3518.926233	.76493
3519.890586	.76463
3520.854940	.76391
3521.819293	.76299
3522.783647	.76148
3523.748001	.75889
3524.712354	.75551
3525.676708	.75251
3526.641061	.75045
3527.605415	.74869
3528.569769	.74682
3529.534122	.74509
3530.498476	.74391
3531.462829	.74378
3532.427183	.74485
3533.391536	.74693
3534.355890	.74979
3535.320244	.75307
3536.284597	.75602
3537.248951	.75796
3538.213304	.75938
3539.177658	.76081
3540.142012	.76188
3541.106365	.76224
3542.070719	.76222
3543.035072	.7622
3543.999426	.76214
3544.963779	.7613
3545.928133	.75907
3546.892487	.75552
3547.856840	.75126
3548.821194	.74756
3549.785547	.74543
3550.749901	.74476
3551.714255	.74465
3552.678608	.74424
3553.642962	.74372
3554.607315	.74398
3555.571669	.74534
3556.536023	.7474
3557.500376	.74992
3558.464730	.75304
3559.429083	.7565
3560.393437	.7594
3561.357790	.76128
3562.322144	.76257
3563.286498	.76354
3564.250851	.76468
3565.215205	.76698
3566.179558	.76933
3567.143912	.76888
3568.108266	.76415
3569.072619	.75682
3570.036973	.75057
3571.001326	.74665
3571.965680	.74419
3572.930033	.74297
3573.894387	.74278
3574.858741	.74294
3575.823094	.7433
3576.787448	.74424
3577.751801	.74598
3578.716155	.74857
3579.680509	.75164
3580.644862	.75447
3581.609216	.75694
3582.573569	.75936
3583.537923	.76178
3584.502276	.7647
3585.466630	.76891
3586.430984	.77299
3587.395337	.77429
3588.359691	.77153
3589.324044	.76519
3590.288398	.75865
3591.252752	.75497
3592.217105	.75358
3593.181459	.75256
3594.145812	.75137
3595.110166	.7503
3596.074520	.74891
3597.038873	.7478
3598.003227	.74837
3598.967580	.75019
3599.931934	.75247
3600.896287	.75495
3601.860641	.75709
3602.824995	.75918
3603.789348	.76196
3604.753702	.76567
3605.718055	.77038
3606.682409	.77543
3607.646763	.77984
3608.611116	.78247
3609.575470	.78105
3610.539823	.77765
3611.504177	.77739
3612.468530	.77824
3613.432884	.77558
3614.397238	.77092
3615.361591	.76723
3616.325945	.76618
3617.290298	.76821
3618.254652	.77148
3619.219006	.77319
3620.183359	.77126
3621.147713	.76747
3622.112066	.76589
3623.076420	.76754
3624.040774	.77113
3625.005127	.77585
3625.969481	.78225
3626.933834	.79238
3627.898188	.80654
3628.862541	.81644
3629.826895	.81195
3630.791249	.80112
3631.755602	.79524
3632.719956	.79477
3633.684309	.79486
3634.648663	.79222
3635.613017	.78878
3636.577370	.78712
3637.541724	.78666
3638.506077	.786
3639.470431	.78551
3640.434784	.78615
3641.399138	.78787
3642.363492	.78997
3643.327845	.7923
3644.292199	.79613
3645.256552	.80354
3646.220906	.81501
3647.185260	.82736
3648.149613	.83738
3649.113967	.84509
3650.078320	.84843
3651.042674	.84462
3652.007027	.83684
3652.971381	.83118
3653.935735	.83104
3654.900088	.8358
3655.864442	.84022
3656.828795	.83747
3657.793149	.83013
3658.757503	.82534
3659.721856	.82353
3660.686210	.82242
3661.650563	.82185
3662.614917	.82224
3663.579271	.82317
3664.543624	.82469
3665.507978	.82755
3666.472331	.83284
3667.436685	.84195
3668.401038	.85416
3669.365392	.86602
3670.329746	.87292
3671.294099	.87118
3672.258453	.86735
3673.222806	.87234
3674.187160	.88724
3675.151514	.89973
3676.115867	.89447
3677.080221	.87985
3678.044574	.87124
3679.008928	.86825
3679.973281	.86457
3680.937635	.85913
3681.901989	.85501
3682.866342	.85318
3683.830696	.8525
3684.795049	.8523
3685.759403	.8546
3686.723757	.86316
3687.688110	.87607
3688.652464	.88228
3689.616817	.88035
3690.581171	.88099
3691.545524	.88275
3692.509878	.88081
3693.474232	.87928
3694.438585	.8805
3695.402939	.88243
3696.367292	.88354
3697.331646	.88362
3698.296000	.88324
3699.260353	.88333
3700.224707	.88497
3701.189060	.88642
3702.153414	.88278
3703.117768	.87501
3704.082121	.86926
3705.046475	.86672
3706.010828	.86544
3706.975182	.86602
3707.939535	.87051
3708.903889	.87734
3709.868243	.88279
3710.832596	.88858
3711.796950	.89491
3712.761303	.89461
3713.725657	.88989
3714.690011	.88851
3715.654364	.88992
3716.618718	.89178
3717.583071	.8944
3718.547425	.89669
3719.511778	.89641
3720.476132	.89535
3721.440486	.89586
3722.404839	.8947
3723.369193	.8899
3724.333546	.88575
3725.297900	.88437
3726.262254	.88244
3727.226607	.87705
3728.190961	.87081
3729.155314	.86822
3730.119668	.87157
3731.084022	.88027
3732.048375	.88801
3733.012729	.8906
3733.977082	.89534
3734.941436	.90451
3735.905789	.9099
3736.870143	.90817
3737.834497	.90363
3738.798850	.90019
3739.763204	.89987
3740.727557	.90193
3741.691911	.90559
3742.656265	.91513
3743.620618	.9319
3744.584972	.93687
3745.549325	.91689
3746.513679	.89961
3747.478032	.89774
3748.442386	.90571
3749.406740	.91029
3750.371093	.90663
3751.335447	.90502
3752.299800	.90228
3753.264154	.89136
3754.228508	.88264
3755.192861	.8825
3756.157215	.88681
3757.121568	.89057
3758.085922	.89469
3759.050275	.90063
3760.014629	.90361
3760.978983	.90141
3761.943336	.89904
3762.907690	.89906
3763.872043	.90093
3764.836397	.90335
3765.800751	.90267
3766.765104	.89768
3767.729458	.89394
3768.693811	.89495
3769.658165	.89531
3770.622519	.88887
3771.586872	.88016
3772.551226	.8752
3773.515579	.87353
3774.479933	.87304
3775.444286	.87344
3776.408640	.87536
3777.372994	.87949
3778.337347	.88595
3779.301701	.89177
3780.266054	.89286
3781.230408	.89161
3782.194762	.89279
3783.159115	.89635
3784.123469	.89957
3785.087822	.9004
3786.052176	.89906
3787.016529	.89692
3787.980883	.89438
3788.945237	.89152
3789.909590	.88863
3790.873944	.8856
3791.838297	.88243
3792.802651	.87979
3793.767005	.87845
3794.731358	.87939
3795.695712	.88225
3796.660065	.88311
3797.624419	.88056
3798.588772	.88059
3799.553126	.88843
3800.517480	.90195
3801.481833	.91021
3802.446187	.90593
3803.410540	.89902
3804.374894	.89826
3805.339248	.90493
3806.303601	.91441
3807.267955	.91553
3808.232308	.90658
3809.196662	.89865
3810.161016	.89504
3811.125369	.89221
3812.089723	.88897
3813.054076	.88721
3814.018430	.88992
3814.982783	.89738
3815.947137	.90037
3816.911491	.89156
3817.875844	.88295
3818.840198	.88418
3819.804551	.89388
3820.768905	.90377
3821.733259	.90293
3822.697612	.89428
3823.661966	.88927
3824.626319	.89077
3825.590673	.89575
3826.555026	.89997
3827.519380	.90078
3828.483734	.8999
3829.448087	.90095
3830.412441	.90476
3831.376794	.90744
3832.341148	.90507
3833.305502	.90192
3834.269855	.90185
3835.234209	.90158
3836.198562	.90174
3837.162916	.90466
3838.127269	.90301
3839.091623	.89523
3840.055977	.89007
3841.020330	.8875
3841.984684	.88551
3842.949037	.88592
3843.913391	.88677
3844.877745	.88543
3845.842098	.88461
3846.806452	.88654
3847.770805	.89032
3848.735159	.89496
3849.699513	.90135
3850.663866	.91159
3851.628220	.92603
3852.592573	.94145
3853.556927	.94879
3854.521280	.93519
3855.485634	.91256
3856.449988	.89952
3857.414341	.89315
3858.378695	.8874
3859.343048	.88329
3860.307402	.88307
3861.271756	.88477
3862.236109	.88486
3863.200463	.88543
3864.164816	.88956
3865.129170	.89167
3866.093523	.88792
3867.057877	.88647
3868.022231	.89344
3868.986584	.90558
3869.950938	.91229
3870.915291	.90813
3871.879645	.90324
3872.843999	.90499
3873.808352	.90868
3874.772706	.90657
3875.737059	.90032
3876.701413	.89603
3877.665767	.89507
3878.630120	.8971
3879.594474	.90021
3880.558827	.89828
3881.523181	.89028
3882.487534	.8838
3883.451888	.88325
3884.416242	.88788
3885.380595	.89239
3886.344949	.88929
3887.309302	.88214
3888.273656	.8797
3889.238010	.88377
3890.202363	.89229
3891.166717	.89992
3892.131070	.90062
3893.095424	.89768
3894.059777	.89674
3895.024131	.89731
3895.988485	.89814
3896.952838	.90066
3897.917192	.90561
3898.881545	.9094
3899.845899	.9083
3900.810253	.90563
3901.774606	.90394
3902.738960	.90189
3903.703313	.8994
3904.667667	.89468
3905.632020	.88714
3906.596374	.88052
3907.560728	.87685
3908.525081	.87552
3909.489435	.8757
3910.453788	.87703
3911.418142	.87919
3912.382496	.88203
3913.346849	.88558
3914.311203	.88967
3915.275556	.8944
3916.239910	.8994
3917.204264	.90237
3918.168617	.90247
3919.132971	.90209
3920.097324	.90108
3921.061678	.89783
3922.026031	.89448
3922.990385	.89306
3923.954739	.89224
3924.919092	.88958
3925.883446	.88446
3926.847799	.87959
3927.812153	.87753
3928.776507	.87767
3929.740860	.87825
3930.705214	.87939
3931.669567	.8816
3932.633921	.88325
3933.598274	.88345
3934.562628	.88398
3935.526982	.88588
3936.491335	.88849
3937.455689	.89137
3938.420042	.8941
3939.384396	.89599
3940.348750	.89738
3941.313103	.89907
3942.277457	.90005
3943.241810	.89835
3944.206164	.89467
3945.170517	.8912
3946.134871	.88884
3947.099225	.88719
3948.063578	.88516
3949.027932	.88261
3949.992285	.88014
3950.956639	.87803
3951.920993	.87682
3952.885346	.87664
3953.849700	.87708
3954.814053	.87839
3955.778407	.88063
3956.742761	.88312
3957.707114	.88542
3958.671468	.88796
3959.635821	.89107
3960.600175	.89417
3961.564528	.89621
3962.528882	.89666
3963.493236	.89635
3964.457589	.89599
3965.421943	.89486
3966.386296	.89273
3967.350650	.89038
3968.315004	.88809
3969.279357	.88549
3970.243711	.88269
3971.208064	.8802
3972.172418	.87836
3973.136771	.87713
3974.101125	.87666
3975.065479	.87695
3976.029832	.87751
3976.994186	.87831
3977.958539	.87993
3978.922893	.88239
3979.887247	.88533
3980.851600	.88841
3981.815954	.8911
3982.780307	.89327
3983.744661	.89493
3984.709015	.89607
3985.673368	.8968
3986.637722	.89663
3987.602075	.89517
3988.566429	.89322
3989.530782	.89132
3990.495136	.88897
3991.459490	.88574
3992.423843	.88217
3993.388197	.87935
3994.352550	.8777
3995.316904	.87688
3996.281258	.8764
3997.245611	.87614
3998.209965	.87638
3999.174318	.87741
4000.138672	.87934