499.535156	.16012
500.499510	.15825
501.463863	.15591
502.428217	.15341
503.392571	.1504
504.356924	.1462
505.321278	.14285
506.285631	.14297
507.249985	.14432
508.214339	.14279
509.178692	.13877
510.143046	.13531
511.107399	.13369
512.071753	.13268
513.036106	.1314
514.000460	.1309
514.964814	.13128
515.929167	.13047
516.893521	.12773
517.857874	.12541
518.822228	.12494
519.786582	.12471
520.750935	.12308
521.715289	.12006
522.679642	.11738
523.643996	.11641
524.608349	.11553
525.572703	.1137
526.537057	.1122
527.501410	.11111
528.465764	.10986
529.430117	.10886
530.394471	.10855
531.358825	.10843
532.323178	.10785
533.287532	.10748
534.251885	.10719
535.216239	.10557
536.180593	.10352
537.144946	.10335
538.109300	.10472
539.073653	.10521
540.038007	.10411
541.002360	.10272
541.966714	.10133
542.931068	.10022
543.895421	.10139
544.859775	.10395
545.824128	.10435
546.788482	.10281
547.752836	.10184
548.717189	.10156
549.681543	.10088
550.645896	.099854
551.610250	.099354
552.574603	.099314
553.538957	.099158
554.503311	.098567
555.467664	.097387
556.432018	.096616
557.396371	.097061
558.360725	.097722
559.325079	.098366
560.289432	.099242
561.253786	.098931
562.218139	.097507
563.182493	.097191
564.146846	.098082
565.111200	.098258
566.075554	.097245
567.039907	.096601
568.004261	.097516
568.968614	.098954
569.932968	.09921
570.897322	.098439
571.861675	.097694
572.826029	.097452
573.790382	.097081
574.754736	.095972
575.719090	.095703
576.683443	.096748
577.647797	.096752
578.612150	.0956
579.576504	.095532
580.540857	.096241
581.505211	.096186
582.469565	.096345
583.433918	.097123
584.398272	.097506
585.362625	.098111
586.326979	.099067
587.291333	.098933
588.255686	.097832
589.220040	.097752
590.184393	.099004
591.148747	.099693
592.113100	.099466
593.077454	.099299
594.041808	.099219
595.006161	.099109
595.970515	.099509
596.934868	.10052
597.899222	.10074
598.863576	.09957
599.827929	.098685
600.792283	.09907
601.756636	.1003
602.720990	.10185
603.685343	.10258
604.649697	.10178
605.614051	.10058
606.578404	.10054
607.542758	.10131
608.507111	.1016
609.471465	.10123
610.435819	.10076
611.400172	.1011
612.364526	.10235
613.328879	.10289
614.293233	.10215
615.257587	.10158
616.221940	.10148
617.186294	.10135
618.150647	.10191
619.115001	.10238
620.079354	.10172
621.043708	.10132
622.008062	.10217
622.972415	.10337
623.936769	.10368
624.901122	.10304
625.865476	.10257
626.829830	.10281
627.794183	.10329
628.758537	.10364
629.722890	.10375
630.687244	.10357
631.651597	.10329
632.615951	.1034
633.580305	.10441
634.544658	.10568
635.509012	.10594
636.473365	.10558
637.437719	.10547
638.402073	.10548
639.366426	.10603
640.330780	.10732
641.295133	.10791
642.259487	.107
643.223841	.10568
644.188194	.10488
645.152548	.10515
646.116901	.10621
647.081255	.10684
648.045608	.10678
649.009962	.10662
649.974316	.10696
650.938669	.10771
651.903023	.10837
652.867376	.10894
653.831730	.10965
654.796084	.11045
655.760437	.11057
656.724791	.10946
657.689144	.10812
658.653498	.10809
659.617851	.10968
660.582205	.11094
661.546559	.11029
662.510912	.1094
663.475266	.10998
664.439619	.11133
665.403973	.11191
666.368327	.11058
667.332680	.10742
668.297034	.107
669.261387	.11044
670.225741	.11232
671.190094	.11324
672.154448	.11393
673.118802	.11446
674.083155	.11456
675.047509	.11418
676.011862	.11352
676.976216	.11313
677.940570	.1132
678.904923	.11342
679.869277	.1137
680.833630	.11418
681.797984	.11495
682.762338	.11538
683.726691	.11485
684.691045	.1142
685.655398	.11419
686.619752	.11457
687.584105	.11542
688.548459	.11638
689.512813	.11622
690.477166	.11557
691.441520	.11586
692.405873	.11647
693.370227	.11622
694.334581	.11548
695.298934	.11563
696.263288	.11645
697.227641	.11676
698.191995	.11686
699.156348	.1171
700.120702	.11724
701.085056	.11744
702.049409	.1175
703.013763	.11727
703.978116	.11709
704.942470	.1169
705.906824	.11694
706.871177	.11726
707.835531	.11708
708.799884	.11667
709.764238	.11669
710.728591	.11666
711.692945	.11658
712.657299	.1168
713.621652	.11738
714.586006	.11785
715.550359	.11759
716.514713	.11718
717.479067	.11728
718.443420	.11738
719.407774	.11676
720.372127	.11554
721.336481	.115
722.300835	.11563
723.265188	.11654
724.229542	.11714
725.193895	.1176
726.158249	.11836
727.122602	.11913
728.086956	.1192
729.051310	.11873
730.015663	.11856
730.980017	.11912
731.944370	.12001
732.908724	.1205
733.873078	.12061
734.837431	.12035
735.801785	.11953
736.766138	.1188
737.730492	.11892
738.694845	.11961
739.659199	.12014
740.623553	.12047
741.587906	.12071
742.552260	.12064
743.516613	.12031
744.480967	.11977
745.445321	.11941
746.409674	.11994
747.374028	.12103
748.338381	.1216
749.302735	.12128
750.267088	.12104
751.231442	.12175
752.195796	.12256
753.160149	.12232
754.124503	.12175
755.088856	.12196
756.053210	.12272
757.017564	.12327
757.981917	.12337
758.946271	.1234
759.910624	.12376
760.874978	.12426
761.839332	.12452
762.803685	.12446
763.768039	.12427
764.732392	.12413
765.696746	.12457
766.661099	.12553
767.625453	.12588
768.589807	.12542
769.554160	.1253
770.518514	.12535
771.482867	.12469
772.447221	.12455
773.411575	.12552
774.375928	.126
775.340282	.12585
776.304635	.12605
777.268989	.1264
778.233342	.12643
779.197696	.12636
780.162050	.12666
781.126403	.12714
782.090757	.12711
783.055110	.12668
784.019464	.12664
784.983818	.12678
785.948171	.12634
786.912525	.12561
787.876878	.12521
788.841232	.12546
789.805586	.12614
790.769939	.12644
791.734293	.12615
792.698646	.1258
793.663000	.12555
794.627353	.12522
795.591707	.12494
796.556061	.12476
797.520414	.12432
798.484768	.12355
799.449121	.12305
800.413475	.12327
801.377829	.12353
802.342182	.12328
803.306536	.12312
804.270889	.12331
805.235243	.12332
806.199596	.12284
807.163950	.12236
808.128304	.12243
809.092657	.12277
810.057011	.12291
811.021364	.12288
811.985718	.12291
812.950072	.1228
813.914425	.12232
814.878779	.12195
815.843132	.12213
816.807486	.12259
817.771839	.12276
818.736193	.12253
819.700547	.12225
820.664900	.12225
821.629254	.12235
822.593607	.12223
823.557961	.12228
824.522315	.1228
825.486668	.1232
826.451022	.12335
827.415375	.12378
828.379729	.12443
829.344083	.12465
830.308436	.12452
831.272790	.12475
832.237143	.12561
833.201497	.1266
834.165850	.12704
835.130204	.12711
836.094558	.12755
837.058911	.1282
838.023265	.12856
838.987618	.12887
839.951972	.12926
840.916326	.12973
841.880679	.13051
842.845033	.13139
843.809386	.1318
844.773740	.132
845.738093	.13285
846.702447	.13416
847.666801	.13481
848.631154	.13495
849.595508	.1357
850.559861	.13684
851.524215	.13779
852.488569	.13858
853.452922	.13918
854.417276	.13989
855.381629	.14097
856.345983	.14174
857.310336	.14189
858.274690	.14202
859.239044	.14235
860.203397	.14284
861.167751	.14371
862.132104	.14478
863.096458	.14519
864.060812	.14489
865.025165	.14512
865.989519	.14642
866.953872	.14769
867.918226	.14816
868.882580	.14844
869.846933	.14867
870.811287	.14867
871.775640	.149
872.739994	.14951
873.704347	.15005
874.668701	.15114
875.633055	.15209
876.597408	.15223
877.561762	.15218
878.526115	.1526
879.490469	.15352
880.454823	.15415
881.419176	.15424
882.383530	.15467
883.347883	.15535
884.312237	.15583
885.276590	.15662
886.240944	.15747
887.205298	.15766
888.169651	.15761
889.134005	.15792
890.098358	.15824
891.062712	.15835
892.027066	.15862
892.991419	.15934
893.955773	.16031
894.920126	.16103
895.884480	.16146
896.848834	.16221
897.813187	.16311
898.777541	.1634
899.741894	.1632
900.706248	.16316
901.670601	.16382
902.634955	.16486
903.599309	.1656
904.563662	.166
905.528016	.16604
906.492369	.16581
907.456723	.16614
908.421077	.16703
909.385430	.16776
910.349784	.16826
911.314137	.16848
912.278491	.16861
913.242844	.16918
914.207198	.16997
915.171552	.17067
916.135905	.1715
917.100259	.17218
918.064612	.17247
919.028966	.17304
919.993320	.17412
920.957673	.17486
921.922027	.17502
922.886380	.17518
923.850734	.17561
924.815087	.17617
925.779441	.17684
926.743795	.17755
927.708148	.17858
928.672502	.18002
929.636855	.18106
930.601209	.18127
931.565563	.18117
932.529916	.18149
933.494270	.18233
934.458623	.18316
935.422977	.18387
936.387331	.18486
937.351684	.186
938.316038	.18701
939.280391	.18806
940.244745	.18911
941.209098	.19001
942.173452	.19088
943.137806	.19183
944.102159	.19268
945.066513	.19332
946.030866	.19392
946.995220	.19475
947.959574	.19604
948.923927	.19754
949.888281	.19876
950.852634	.19977
951.816988	.20067
952.781341	.20164
953.745695	.20305
954.710049	.20455
955.674402	.20543
956.638756	.20599
957.603109	.20692
958.567463	.20812
959.531817	.20933
960.496170	.21077
961.460524	.21238
962.424877	.21393
963.389231	.21527
964.353584	.21644
965.317938	.21759
966.282292	.21866
967.246645	.21981
968.210999	.22118
969.175352	.22244
970.139706	.22354
971.104060	.22472
972.068413	.22607
973.032767	.22758
973.997120	.22914
974.961474	.23047
975.925828	.23159
976.890181	.23281
977.854535	.23392
978.818888	.2348
979.783242	.23599
980.747595	.23757
981.711949	.23917
982.676303	.24065
983.640656	.24193
984.605010	.24309
985.569363	.24428
986.533717	.24556
987.498071	.24702
988.462424	.24864
989.426778	.25008
990.391131	.25117
991.355485	.25221
992.319838	.25351
993.284192	.25511
994.248546	.25662
995.212899	.25782
996.177253	.25885
997.141606	.25963
998.105960	.26041
999.070314	.26183
1000.034667	.26366
1000.999021	.2653
1001.963374	.26652
1002.927728	.26736
1003.892082	.26821
1004.856435	.26946
1005.820789	.27088
1006.785142	.27208
1007.749496	.27337
1008.713849	.27507
1009.678203	.27674
1010.642557	.27787
1011.606910	.27866
1012.571264	.27951
1013.535617	.28056
1014.499971	.28182
1015.464325	.28327
1016.428678	.28471
1017.393032	.28589
1018.357385	.28684
1019.321739	.28779
1020.286092	.2889
1021.250446	.29027
1022.214800	.29155
1023.179153	.29266
1024.143507	.29408
1025.107860	.29549
1026.072214	.2963
1027.036568	.29688
1028.000921	.29778
1028.965275	.29888
1029.929628	.29979
1030.893982	.30063
1031.858335	.30154
1032.822689	.30246
1033.787043	.30334
1034.751396	.30418
1035.715750	.30525
1036.680103	.30656
1037.644457	.30768
1038.608811	.30857
1039.573164	.30944
1040.537518	.31038
1041.501871	.31144
1042.466225	.31243
1043.430579	.31314
1044.394932	.31385
1045.359286	.31482
1046.323639	.31594
1047.287993	.31697
1048.252346	.31774
1049.216700	.31809
1050.181054	.31802
1051.145407	.31806
1052.109761	.31859
1053.074114	.3195
1054.038468	.32053
1055.002822	.32122
1055.967175	.3212
1056.931529	.32086
1057.895882	.32121
1058.860236	.32235
1059.824589	.32334
1060.788943	.32377
1061.753297	.32394
1062.717650	.32415
1063.682004	.32448
1064.646357	.32448
1065.610711	.32385
1066.575065	.32334
1067.539418	.32355
1068.503772	.32366
1069.468125	.32301
1070.432479	.32242
1071.396832	.32254
1072.361186	.32249
1073.325540	.32177
1074.289893	.32119
1075.254247	.32085
1076.218600	.32005
1077.182954	.3188
1078.147308	.31776
1079.111661	.31701
1080.076015	.31607
1081.040368	.31484
1082.004722	.31375
1082.969076	.3129
1083.933429	.31184
1084.897783	.31037
1085.862136	.30866
1086.826490	.30692
1087.790843	.30521
1088.755197	.30341
1089.719551	.30165
1090.683904	.30029
1091.648258	.2989
1092.612611	.29676
1093.576965	.29429
1094.541319	.29203
1095.505672	.28984
1096.470026	.28776
1097.434379	.28578
1098.398733	.28356
1099.363086	.28109
1100.327440	.27866
1101.291794	.27654
1102.256147	.27456
1103.220501	.27249
1104.184854	.27029
1105.149208	.2679
1106.113562	.26539
1107.077915	.26293
1108.042269	.26072
1109.006622	.25881
1109.970976	.25687
1110.935330	.25461
1111.899683	.25224
1112.864037	.25001
1113.828390	.2479
1114.792744	.24604
1115.757097	.2443
1116.721451	.24222
1117.685805	.23974
1118.650158	.23753
1119.614512	.23596
1120.578865	.2344
1121.543219	.23248
1122.507573	.23058
1123.471926	.22882
1124.436280	.22705
1125.400633	.22527
1126.364987	.22349
1127.329340	.22158
1128.293694	.21965
1129.258048	.21784
1130.222401	.21617
1131.186755	.21468
1132.151108	.21315
1133.115462	.21146
1134.079816	.20967
1135.044169	.20771
1136.008523	.20584
1136.972876	.20435
1137.937230	.20298
1138.901583	.2016
1139.865937	.20028
1140.830291	.19881
1141.794644	.19705
1142.758998	.19527
1143.723351	.19377
1144.687705	.19247
1145.652059	.19109
1146.616412	.18959
1147.580766	.18807
1148.545119	.18659
1149.509473	.18514
1150.473827	.18363
1151.438180	.18202
1152.402534	.18058
1153.366887	.17952
1154.331241	.17852
1155.295594	.17723
1156.259948	.17562
1157.224302	.17393
1158.188655	.17255
1159.153009	.17136
1160.117362	.16984
1161.081716	.16813
1162.046070	.1669
1163.010423	.16607
1163.974777	.16496
1164.939130	.16346
1165.903484	.16212
1166.867837	.16102
1167.832191	.1597
1168.796545	.15833
1169.760898	.15702
1170.725252	.15547
1171.689605	.15376
1172.653959	.15228
1173.618313	.15104
1174.582666	.14983
1175.547020	.14869
1176.511373	.14757
1177.475727	.14643
1178.440080	.14544
1179.404434	.14432
1180.368788	.14265
1181.333141	.14088
1182.297495	.13948
1183.261848	.13835
1184.226202	.1371
1185.190556	.13539
1186.154909	.13361
1187.119263	.13227
1188.083616	.13128
1189.047970	.13013
1190.012324	.12852
1190.976677	.12682
1191.941031	.12544
1192.905384	.12423
1193.869738	.12282
1194.834091	.12127
1195.798445	.11979
1196.762799	.11827
1197.727152	.11655
1198.691506	.11479
1199.655859	.11322
1200.620213	.11188
1201.584567	.11057
1202.548920	.10912
1203.513274	.10747
1204.477627	.10561
1205.441981	.10371
1206.406334	.10198
1207.370688	.10036
1208.335042	.09859
1209.299395	.096696
1210.263749	.094963
1211.228102	.093339
1212.192456	.0917
1213.156810	.090144
1214.121163	.088615
1215.085517	.086998
1216.049870	.085316
1217.014224	.083542
1217.978578	.081607
1218.942931	.079542
1219.907285	.077416
1220.871638	.075297
1221.835992	.073363
1222.800345	.071723
1223.764699	.070161
1224.729053	.068433
1225.693406	.066616
1226.657760	.064773
1227.622113	.062919
1228.586467	.061298
1229.550821	.05991
1230.515174	.058485
1231.479528	.056973
1232.443881	.055408
1233.408235	.053898
1234.372588	.05259
1235.336942	.051466
1236.301296	.05034
1237.265649	.049006
1238.230003	.047578
1239.194356	.046414
1240.158710	.045594
1241.123064	.044834
1242.087417	.043936
1243.051771	.043051
1244.016124	.042381
1244.980478	.041822
1245.944831	.041082
1246.909185	.040249
1247.873539	.039708
1248.837892	.039364
1249.802246	.039055
1250.766599	.038896
1251.730953	.038654
1252.695307	.03819
1253.659660	.03776
1254.624014	.037436
1255.588367	.037245
1256.552721	.037181
1257.517075	.037074
1258.481428	.036905
1259.445782	.036803
1260.410135	.036779
1261.374489	.036641
1262.338842	.036324
1263.303196	.036139
1264.267550	.036203
1265.231903	.036157
1266.196257	.035951
1267.160610	.035996
1268.124964	.03618
1269.089318	.036055
1270.053671	.035877
1271.018025	.036082
1271.982378	.036415
1272.946732	.036504
1273.911085	.036467
1274.875439	.036524
1275.839793	.036556
1276.804146	.036456
1277.768500	.03642
1278.732853	.036517
1279.697207	.036588
1280.661561	.03667
1281.625914	.036889
1282.590268	.037006
1283.554621	.036863
1284.518975	.03682
1285.483328	.037021
1286.447682	.037169
1287.412036	.037103
1288.376389	.037024
1289.340743	.037226
1290.305096	.037586
1291.269450	.037741
1292.233804	.037575
1293.198157	.037343
1294.162511	.037489
1295.126864	.037827
1296.091218	.037792
1297.055572	.037602
1298.019925	.037641
1298.984279	.037783
1299.948632	.037918
1300.912986	.038039
1301.877339	.03813
1302.841693	.038183
1303.806047	.038253
1304.770400	.038413
1305.734754	.038554
1306.699107	.038509
1307.663461	.03835
1308.627815	.038409
1309.592168	.038803
1310.556522	.039219
1311.520875	.03934
1312.485229	.039153
1313.449582	.03893
1314.413936	.038942
1315.378290	.039122
1316.342643	.039213
1317.306997	.039273
1318.271350	.039483
1319.235704	.039577
1320.200058	.039375
1321.164411	.039254
1322.128765	.039494
1323.093118	.039846
1324.057472	.039961
1325.021825	.039881
1325.986179	.039817
1326.950533	.039784
1327.914886	.039829
1328.879240	.040066
1329.843593	.040293
1330.807947	.040341
1331.772301	.040327
1332.736654	.040217
1333.701008	.040006
1334.665361	.039959
1335.629715	.040227
1336.594069	.040531
1337.558422	.040513
1338.522776	.040348
1339.487129	.040389
1340.451483	.040609
1341.415836	.040892
1342.380190	.041193
1343.344544	.041402
1344.308897	.04151
1345.273251	.041579
1346.237604	.041634
1347.201958	.041691
1348.166312	.041659
1349.130665	.041584
1350.095019	.041712
1351.059372	.042
1352.023726	.042151
1352.988079	.042094
1353.952433	.042071
1354.916787	.042186
1355.881140	.042248
1356.845494	.042173
1357.809847	.042157
1358.774201	.042238
1359.738555	.042197
1360.702908	.042123
1361.667262	.042139
1362.631615	.042172
1363.595969	.042384
1364.560323	.042647
1365.524676	.042745
1366.489030	.042849
1367.453383	.042951
1368.417737	.043003
1369.382090	.043038
1370.346444	.042965
1371.310798	.042884
1372.275151	.04277
1373.239505	.042521
1374.203858	.042546
1375.168212	.042976
1376.132566	.043218
1377.096919	.043066
1378.061273	.042961
1379.025626	.043123
1379.989980	.043262
1380.954333	.043136
1381.918687	.042938
1382.883041	.042954
1383.847394	.043125
1384.811748	.04306
1385.776101	.042642
1386.740455	.042397
1387.704809	.042638
1388.669162	.042954
1389.633516	.043088
1390.597869	.043119
1391.562223	.04308
1392.526576	.042796
1393.490930	.042132
1394.455284	.041575
1395.419637	.04169
1396.383991	.042091
1397.348344	.042092
1398.312698	.041839
1399.277052	.041953
1400.241405	.042185
1401.205759	.04207
1402.170112	.041936
1403.134466	.041877
1404.098820	.041695
1405.063173	.041616
1406.027527	.041791
1406.991880	.042054
1407.956234	.042166
1408.920587	.042075
1409.884941	.041991
1410.849295	.041928
1411.813648	.04182
1412.778002	.041707
1413.742355	.041515
1414.706709	.041186
1415.671063	.040845
1416.635416	.040532
1417.599770	.039802
1418.564123	.038846
1419.528477	.038981
1420.492830	.040033
1421.457184	.040655
1422.421538	.040692
1423.385891	.040537
1424.350245	.040553
1425.314598	.040694
1426.278952	.040704
1427.243306	.04057
1428.207659	.040141
1429.172013	.039576
1430.136366	.039445
1431.100720	.039704
1432.065073	.039962
1433.029427	.040142
1433.993781	.039936
1434.958134	.038838
1435.922488	.037553
1436.886841	.037759
1437.851195	.039035
1438.815549	.039681
1439.779902	.039623
1440.744256	.039345
1441.708609	.039129
1442.672963	.039104
1443.637317	.039194
1444.601670	.039358
1445.566024	.039287
1446.530377	.038671
1447.494731	.038167
1448.459084	.038513
1449.423438	.03909
1450.387792	.039078
1451.352145	.038699
1452.316499	.038511
1453.280852	.03847
1454.245206	.037956
1455.209560	.036589
1456.173913	.035125
1457.138267	.035098
1458.102620	.036298
1459.066974	.037319
1460.031327	.037911
1460.995681	.038276
1461.960035	.038387
1462.924388	.037879
1463.888742	.037008
1464.853095	.037001
1465.817449	.037948
1466.781803	.038582
1467.746156	.03857
1468.710510	.0384
1469.674863	.038056
1470.639217	.037129
1471.603571	.03596
1472.567924	.03559
1473.532278	.036436
1474.496631	.037462
1475.460985	.0378
1476.425338	.037928
1477.389692	.038252
1478.354046	.038393
1479.318399	.038353
1480.282753	.038398
1481.247106	.038529
1482.211460	.038656
1483.175814	.038716
1484.140167	.038744
1485.104521	.038602
1486.068874	.038101
1487.033228	.037707
1487.997581	.037655
1488.961935	.037448
1489.926289	.03739
1490.890642	.038138
1491.854996	.039041
1492.819349	.039303
1493.783703	.038922
1494.748057	.038072
1495.712410	.037497
1496.676764	.037897
1497.641117	.038371
1498.605471	.038513
1499.569824	.038926
1500.534178	.039404
1501.498532	.039618
1502.462885	.039763
1503.427239	.039537
1504.391592	.038279
1505.355946	.036438
1506.320300	.035819
1507.284653	.037092
1508.249007	.038535
1509.213360	.03919
1510.177714	.039364
1511.142068	.039337
1512.106421	.039661
1513.070775	.040355
1514.035128	.040494
1514.999482	.03995
1515.963835	.039337
1516.928189	.039318
1517.892543	.039837
1518.856896	.03962
1519.821250	.03843
1520.785603	.037811
1521.749957	.03869
1522.714311	.039872
1523.678664	.040301
1524.643018	.040244
1525.607371	.040492
1526.571725	.041015
1527.536078	.041278
1528.500432	.041583
1529.464786	.042023
1530.429139	.042158
1531.393493	.041846
1532.357846	.041048
1533.322200	.040544
1534.286554	.041262
1535.250907	.042213
1536.215261	.042281
1537.179614	.041378
1538.143968	.039702
1539.108321	.038425
1540.072675	.038675
1541.037029	.039488
1542.001382	.040477
1542.965736	.041605
1543.930089	.041969
1544.894443	.041957
1545.858797	.042562
1546.823150	.043329
1547.787504	.043541
1548.751857	.043236
1549.716211	.043004
1550.680565	.043388
1551.644918	.043748
1552.609272	.043136
1553.573625	.042179
1554.537979	.042386
1555.502332	.042933
1556.466686	.041834
1557.431040	.039649
1558.395393	.038276
1559.359747	.03878
1560.324100	.041269
1561.288454	.043921
1562.252808	.045029
1563.217161	.044941
1564.181515	.04464
1565.145868	.044802
1566.110222	.045186
1567.074575	.045021
1568.038929	.044161
1569.003283	.043513
1569.967636	.044023
1570.931990	.044958
1571.896343	.045394
1572.860697	.045511
1573.825051	.045126
1574.789404	.043905
1575.753758	.043038
1576.718111	.043911
1577.682465	.045233
1578.646819	.045868
1579.611172	.046142
1580.575526	.046294
1581.539879	.046303
1582.504233	.046224
1583.468586	.046223
1584.432940	.046322
1585.397294	.046503
1586.361647	.046711
1587.326001	.046757
1588.290354	.046739
1589.254708	.046829
1590.219062	.046861
1591.183415	.046807
1592.147769	.046959
1593.112122	.047263
1594.076476	.047365
1595.040829	.047283
1596.005183	.047345
1596.969537	.047597
1597.933890	.047695
1598.898244	.047593
1599.862597	.047548
1600.826951	.047529
1601.791305	.047445
1602.755658	.047465
1603.720012	.04765
1604.684365	.047665
1605.648719	.04745
1606.613072	.047461
1607.577426	.047632
1608.541780	.047548
1609.506133	.047517
1610.470487	.047817
1611.434840	.048074
1612.399194	.04806
1613.363548	.047852
1614.327901	.047233
1615.292255	.046002
1616.256608	.045317
1617.220962	.046339
1618.185316	.047553
1619.149669	.048001
1620.114023	.048195
1621.078376	.048062
1622.042730	.047364
1623.007083	.046952
1623.971437	.047648
1624.935791	.04849
1625.900144	.048541
1626.864498	.048118
1627.828851	.047978
1628.793205	.048402
1629.757559	.048859
1630.721912	.049058
1631.686266	.04908
1632.650619	.048623
1633.614973	.047124
1634.579326	.045228
1635.543680	.045031
1636.508034	.046587
1637.472387	.048022
1638.436741	.048852
1639.401094	.049102
1640.365448	.049033
1641.329802	.049
1642.294155	.049019
1643.258509	.04894
1644.222862	.048284
1645.187216	.047159
1646.151569	.046681
1647.115923	.047129
1648.080277	.048006
1649.044630	.049008
1650.008984	.049076
1650.973337	.047223
1651.937691	.044123
1652.902045	.042761
1653.866398	.044854
1654.830752	.047537
1655.795105	.049064
1656.759459	.049612
1657.723813	.049839
1658.688166	.05002
1659.652520	.050007
1660.616873	.049542
1661.581227	.048658
1662.545580	.048343
1663.509934	.049189
1664.474288	.050203
1665.438641	.050657
1666.402995	.050599
1667.367348	.049799
1668.331702	.048493
1669.296056	.047937
1670.260409	.048321
1671.224763	.048887
1672.189116	.049563
1673.153470	.049561
1674.117823	.048419
1675.082177	.047931
1676.046531	.049147
1677.010884	.050329
1677.975238	.05066
1678.939591	.050598
1679.903945	.050449
1680.868299	.050173
1681.832652	.049336
1682.797006	.047636
1683.761359	.046081
1684.725713	.046824
1685.690067	.049161
1686.654420	.050456
1687.618774	.050676
1688.583127	.050688
1689.547481	.050674
1690.511834	.05082
1691.476188	.051243
1692.440542	.051452
1693.404895	.050706
1694.369249	.048833
1695.333602	.047416
1696.297956	.048415
1697.262310	.049975
1698.226663	.049471
1699.191017	.047091
1700.155370	.04601
1701.119724	.048449
1702.084077	.050799
1703.048431	.051064
1704.012785	.050284
1704.977138	.049741
1705.941492	.050069
1706.905845	.050963
1707.870199	.051519
1708.834553	.051453
1709.798906	.051337
1710.763260	.051518
1711.727613	.051773
1712.691967	.051604
1713.656320	.050849
1714.620674	.050295
1715.585028	.050089
1716.549381	.049359
1717.513735	.048741
1718.478088	.049626
1719.442442	.051179
1720.406796	.052184
1721.371149	.052658
1722.335503	.052744
1723.299856	.052541
1724.264210	.052415
1725.228564	.052483
1726.192917	.052554
1727.157271	.052495
1728.121624	.052049
1729.085978	.051329
1730.050331	.051177
1731.014685	.051433
1731.979039	.050751
1732.943392	.049102
1733.907746	.048527
1734.872099	.050244
1735.836453	.052258
1736.800807	.053023
1737.765160	.05258
1738.729514	.051567
1739.693867	.051221
1740.658221	.051862
1741.622574	.052247
1742.586928	.052136
1743.551282	.05235
1744.515635	.052798
1745.479989	.05282
1746.444342	.0524
1747.408696	.051882
1748.373050	.051612
1749.337403	.051525
1750.301757	.05128
1751.266110	.051513
1752.230464	.052652
1753.194817	.053598
1754.159171	.053746
1755.123525	.053386
1756.087878	.053089
1757.052232	.053311
1758.016585	.053704
1758.980939	.053722
1759.945293	.053121
1760.909646	.05226
1761.874000	.052172
1762.838353	.052882
1763.802707	.053487
1764.767061	.053744
1765.731414	.053558
1766.695768	.052834
1767.660121	.052343
1768.624475	.052694
1769.588828	.052943
1770.553182	.052259
1771.517536	.051164
1772.481889	.051044
1773.446243	.052231
1774.410596	.053296
1775.374950	.053747
1776.339304	.054051
1777.303657	.054216
1778.268011	.054061
1779.232364	.053581
1780.196718	.053216
1781.161071	.053349
1782.125425	.053478
1783.089779	.053174
1784.054132	.052847
1785.018486	.053033
1785.982839	.053609
1786.947193	.054032
1787.911547	.054105
1788.875900	.05389
1789.840254	.053437
1790.804607	.052834
1791.768961	.052311
1792.733315	.052444
1793.697668	.053311
1794.662022	.054138
1795.626375	.054565
1796.590729	.05463
1797.555082	.054328
1798.519436	.053873
1799.483790	.053751
1800.448143	.053959
1801.412497	.053926
1802.376850	.053831
1803.341204	.054181
1804.305558	.054626
1805.269911	.054711
1806.234265	.054471
1807.198618	.054233
1808.162972	.054247
1809.127325	.054365
1810.091679	.054437
1811.056033	.054564
1812.020386	.054721
1812.984740	.054827
1813.949093	.054984
1814.913447	.055175
1815.877801	.055214
1816.842154	.05507
1817.806508	.054964
1818.770861	.055133
1819.735215	.055325
1820.699568	.055095
1821.663922	.05475
1822.628276	.054625
1823.592629	.054272
1824.556983	.05382
1825.521336	.054011
1826.485690	.054532
1827.450044	.054516
1828.414397	.053854
1829.378751	.053393
1830.343104	.053964
1831.307458	.055024
1832.271812	.055641
1833.236165	.055724
1834.200519	.055631
1835.164872	.055587
1836.129226	.05558
1837.093579	.055717
1838.057933	.055989
1839.022287	.056037
1839.986640	.055756
1840.950994	.055387
1841.915347	.054844
1842.879701	.05386
1843.844055	.053198
1844.808408	.053782
1845.772762	.054698
1846.737115	.055039
1847.701469	.055121
1848.665822	.055276
1849.630176	.055523
1850.594530	.05576
1851.558883	.05588
1852.523237	.055957
1853.487590	.056097
1854.451944	.056179
1855.416298	.056135
1856.380651	.056112
1857.345005	.056112
1858.309358	.056093
1859.273712	.056082
1860.238065	.056005
1861.202419	.055947
1862.166773	.056029
1863.131126	.056129
1864.095480	.056151
1865.059833	.055999
1866.024187	.055549
1866.988541	.054964
1867.952894	.054503
1868.917248	.054485
1869.881601	.055116
1870.845955	.055829
1871.810309	.056112
1872.774662	.056192
1873.739016	.056301
1874.703369	.056484
1875.667723	.056753
1876.632076	.05698
1877.596430	.057024
1878.560784	.056967
1879.525137	.056903
1880.489491	.056695
1881.453844	.056455
1882.418198	.056438
1883.382552	.05643
1884.346905	.056223
1885.311259	.056021
1886.275612	.056076
1887.239966	.056118
1888.204319	.055762
1889.168673	.055617
1890.133027	.056225
1891.097380	.056867
1892.061734	.056985
1893.026087	.056812
1893.990441	.056618
1894.954795	.056572
1895.919148	.056874
1896.883502	.057418
1897.847855	.05774
1898.812209	.057676
1899.776562	.057485
1900.740916	.057343
1901.705270	.057222
1902.669623	.05701
1903.633977	.056755
1904.598330	.056662
1905.562684	.056708
1906.527038	.056721
1907.491391	.056662
1908.455745	.056608
1909.420098	.056686
1910.384452	.056924
1911.348806	.057197
1912.313159	.057384
1913.277513	.057449
1914.241866	.057541
1915.206220	.05774
1916.170573	.057744
1917.134927	.057403
1918.099281	.057087
1919.063634	.057094
1920.027988	.057218
1920.992341	.05718
1921.956695	.057097
1922.921049	.057174
1923.885402	.057235
1924.849756	.057112
1925.814109	.057026
1926.778463	.057202
1927.742816	.05749
1928.707170	.057575
1929.671524	.057456
1930.635877	.057461
1931.600231	.057742
1932.564584	.058042
1933.528938	.058167
1934.493292	.058274
1935.457645	.058501
1936.421999	.058787
1937.386352	.058986
1938.350706	.058947
1939.315060	.058712
1940.279413	.058448
1941.243767	.058216
1942.208120	.058112
1943.172474	.058123
1944.136827	.058001
1945.101181	.057797
1946.065535	.057753
1947.029888	.05777
1947.994242	.057824
1948.958595	.058046
1949.922949	.058308
1950.887303	.058499
1951.851656	.058567
1952.816010	.058463
1953.780363	.058436
1954.744717	.05873
1955.709070	.059097
1956.673424	.059235
1957.637778	.059247
1958.602131	.059221
1959.566485	.059165
1960.530838	.059221
1961.495192	.059371
1962.459546	.059418
1963.423899	.05931
1964.388253	.059099
1965.352606	.058772
1966.316960	.05848
1967.281313	.05849
1968.245667	.058701
1969.210021	.058816
1970.174374	.058814
1971.138728	.058936
1972.103081	.059235
1973.067435	.059421
1974.031789	.059445
1974.996142	.059557
1975.960496	.059812
1976.924849	.060087
1977.889203	.060219
1978.853557	.060217
1979.817910	.060279
1980.782264	.060372
1981.746617	.060316
1982.710971	.060161
1983.675324	.060072
1984.639678	.060086
1985.604032	.060015
1986.568385	.059778
1987.532739	.059565
1988.497092	.059383
1989.461446	.059214
1990.425800	.05918
1991.390153	.059339
1992.354507	.059776
1993.318860	.060333
1994.283214	.060605
1995.247567	.060544
1996.211921	.060557
1997.176275	.060859
1998.140628	.061118
1999.104982	.061199
2000.069335	.061376
2001.033689	.061559
2001.998043	.061468
2002.962396	.061299
2003.926750	.061326
2004.891103	.061384
2005.855457	.06126
2006.819810	.060993
2007.784164	.060797
2008.748518	.060824
2009.712871	.060893
2010.677225	.060879
2011.641578	.060929
2012.605932	.060983
2013.570286	.060922
2014.534639	.060978
2015.498993	.061333
2016.463346	.061767
2017.427700	.062071
2018.392054	.062299
2019.356407	.062537
2020.320761	.062697
2021.285114	.062659
2022.249468	.062545
2023.213821	.062534
2024.178175	.062601
2025.142529	.062646
2026.106882	.062601
2027.071236	.062551
2028.035589	.062546
2028.999943	.062416
2029.964297	.062258
2030.928650	.06225
2031.893004	.062214
2032.857357	.062126
2033.821711	.06221
2034.786064	.062434
2035.750418	.062537
2036.714772	.062483
2037.679125	.062597
2038.643479	.063002
2039.607832	.063369
2040.572186	.063564
2041.536540	.063829
2042.500893	.06415
2043.465247	.064253
2044.429600	.064165
2045.393954	.06402
2046.358308	.063831
2047.322661	.063758
2048.287015	.06376
2049.251368	.063563
2050.215722	.063323
2051.180075	.063318
2052.144429	.063414
2053.108783	.06342
2054.073136	.06334
2055.037490	.063304
2056.001843	.063456
2056.966197	.06366
2057.930551	.063693
2058.894904	.063773
2059.859258	.064127
2060.823611	.064467
2061.787965	.064615
2062.752318	.064762
2063.716672	.064978
2064.681026	.06519
2065.645379	.065275
2066.609733	.065115
2067.574086	.06483
2068.538440	.064636
2069.502794	.064557
2070.467147	.064559
2071.431501	.064584
2072.395854	.064461
2073.360208	.064258
2074.324561	.064222
2075.288915	.064298
2076.253269	.064364
2077.217622	.064458
2078.181976	.06455
2079.146329	.064635
2080.110683	.064836
2081.075037	.065132
2082.039390	.065359
2083.003744	.065523
2083.968097	.065771
2084.932451	.066127
2085.896805	.066384
2086.861158	.066337
2087.825512	.066122
2088.789865	.066012
2089.754219	.066018
2090.718572	.065971
2091.682926	.065836
2092.647280	.065705
2093.611633	.065642
2094.575987	.065658
2095.540340	.065639
2096.504694	.065573
2097.469048	.065563
2098.433401	.065569
2099.397755	.065662
2100.362108	.065965
2101.326462	.066295
2102.290815	.066467
2103.255169	.066575
2104.219523	.066698
2105.183876	.066768
2106.148230	.066907
2107.112583	.067185
2108.076937	.067304
2109.041291	.067166
2110.005644	.066981
2110.969998	.066895
2111.934351	.067045
2112.898705	.067245
2113.863058	.067134
2114.827412	.066888
2115.791766	.066708
2116.756119	.066471
2117.720473	.066326
2118.684826	.066583
2119.649180	.067082
2120.613534	.067341
2121.577887	.067269
2122.542241	.067179
2123.506594	.067284
2124.470948	.067532
2125.435302	.067779
2126.399655	.067925
2127.364009	.067876
2128.328362	.067824
2129.292716	.068035
2130.257069	.068297
2131.221423	.068395
2132.185777	.068453
2133.150130	.068481
2134.114484	.068382
2135.078837	.068317
2136.043191	.068322
2137.007545	.068123
2137.971898	.067871
2138.936252	.067958
2139.900605	.068184
2140.864959	.068151
2141.829312	.067969
2142.793666	.067986
2143.758020	.068184
2144.722373	.068311
2145.686727	.068462
2146.651080	.068754
2147.615434	.068933
2148.579788	.06903
2149.544141	.069277
2150.508495	.069466
2151.472848	.069427
2152.437202	.069378
2153.401556	.069515
2154.365909	.069708
2155.330263	.069715
2156.294616	.069531
2157.258970	.069377
2158.223323	.069469
2159.187677	.06959
2160.152031	.069424
2161.116384	.069331
2162.080738	.069603
2163.045091	.069776
2164.009445	.069655
2164.973799	.069727
2165.938152	.070002
2166.902506	.070038
2167.866859	.069993
2168.831213	.070187
2169.795566	.070484
2170.759920	.070701
2171.724274	.070814
2172.688627	.070908
2173.652981	.071054
2174.617334	.071099
2175.581688	.071012
2176.546042	.071022
2177.510395	.07109
2178.474749	.070997
2179.439102	.070853
2180.403456	.070832
2181.367809	.070879
2182.332163	.070948
2183.296517	.071086
2184.260870	.071244
2185.225224	.071289
2186.189577	.071173
2187.153931	.071036
2188.118285	.07108
2189.082638	.071335
2190.046992	.071632
2191.011345	.071816
2191.975699	.071896
2192.940053	.071972
2193.904406	.072143
2194.868760	.072504
2195.833113	.072988
2196.797467	.073278
2197.761820	.07316
2198.726174	.072902
2199.690528	.072932
2200.654881	.073147
2201.619235	.073144
2202.583588	.072959
2203.547942	.07282
2204.512296	.072724
2205.476649	.07264
2206.441003	.072613
2207.405356	.072629
2208.369710	.072604
2209.334063	.072591
2210.298417	.072686
2211.262771	.072753
2212.227124	.072758
2213.191478	.07297
2214.155831	.073458
2215.120185	.073895
2216.084539	.073954
2217.048892	.073722
2218.013246	.073654
2218.977599	.073951
2219.941953	.074278
2220.906306	.074339
2221.870660	.074379
2222.835014	.074578
2223.799367	.0746
2224.763721	.074428
2225.728074	.074436
2226.692428	.074499
2227.656782	.074293
2228.621135	.074055
2229.585489	.07409
2230.549842	.074226
2231.514196	.074302
2232.478550	.074349
2233.442903	.074348
2234.407257	.074375
2235.371610	.07444
2236.335964	.07448
2237.300317	.074665
2238.264671	.075082
2239.229025	.075516
2240.193378	.075863
2241.157732	.076139
2242.122085	.076198
2243.086439	.076044
2244.050793	.075956
2245.015146	.075979
2245.979500	.075957
2246.943853	.075912
2247.908207	.07592
2248.872560	.075905
2249.836914	.075745
2250.801268	.075474
2251.765621	.075262
2252.729975	.075172
2253.694328	.07515
2254.658682	.075184
2255.623036	.075289
2256.587389	.075479
2257.551743	.075681
2258.516096	.075811
2259.480450	.075977
2260.444804	.07632
2261.409157	.076799
2262.373511	.077108
2263.337864	.077034
2264.302218	.076939
2265.266571	.077127
2266.230925	.077335
2267.195279	.077375
2268.159632	.077381
2269.123986	.077393
2270.088339	.077258
2271.052693	.076924
2272.017047	.076703
2272.981400	.076784
2273.945754	.076845
2274.910107	.076694
2275.874461	.076554
2276.838814	.076596
2277.803168	.07665
2278.767522	.076552
2279.731875	.076567
2280.696229	.076898
2281.660582	.077402
2282.624936	.077886
2283.589290	.078065
2284.553643	.077887
2285.517997	.077811
2286.482350	.078041
2287.446704	.078233
2288.411057	.078276
2289.375411	.078367
2290.339765	.078499
2291.304118	.078507
2292.268472	.078308
2293.232825	.077891
2294.197179	.077297
2295.161533	.076748
2296.125886	.076367
2297.090240	.076126
2298.054593	.076145
2299.018947	.076368
2299.983301	.076409
2300.947654	.076141
2301.912008	.07596
2302.876361	.076061
2303.840715	.07618
2304.805068	.076243
2305.769422	.076462
2306.733776	.076849
2307.698129	.076932
2308.662483	.076608
2309.626836	.076443
2310.591190	.076499
2311.555544	.07643
2312.519897	.076324
2313.484251	.07637
2314.448604	.076312
2315.412958	.076076
2316.377311	.075819
2317.341665	.07513
2318.306019	.073921
2319.270372	.072981
2320.234726	.072667
2321.199079	.07245
2322.163433	.072157
2323.127787	.072255
2324.092140	.072603
2325.056494	.072692
2326.020847	.072589
2326.985201	.072585
2327.949554	.072912
2328.913908	.073608
2329.878262	.074145
2330.842615	.074108
2331.806969	.073915
2332.771322	.073822
2333.735676	.073592
2334.700030	.073236
2335.664383	.073063
2336.628737	.072855
2337.593090	.072171
2338.557444	.071635
2339.521798	.071609
2340.486151	.071643
2341.450505	.071709
2342.414858	.071684
2343.379212	.071345
2344.343565	.07112
2345.307919	.071749
2346.272273	.073166
2347.236626	.074354
2348.200980	.074527
2349.165333	.073959
2350.129687	.0735
2351.094041	.073352
2352.058394	.072856
2353.022748	.071972
2353.987101	.071203
2354.951455	.070533
2355.915808	.069907
2356.880162	.069614
2357.844516	.069667
2358.808869	.069857
2359.773223	.069983
2360.737576	.069825
2361.701930	.069545
2362.666284	.069649
2363.630637	.069994
2364.594991	.069973
2365.559344	.069949
2366.523698	.070309
2367.488052	.07063
2368.452405	.071185
2369.416759	.072387
2370.381112	.073586
2371.345466	.07452
2372.309819	.0757
2373.274173	.076897
2374.238527	.077607
2375.202880	.078072
2376.167234	.078716
2377.131587	.07953
2378.095941	.080151
2379.060295	.080448
2380.024648	.080631
2380.989002	.080785
2381.953355	.080817
2382.917709	.080644
2383.882062	.080291
2384.846416	.079934
2385.810770	.079793
2386.775123	.079848
2387.739477	.079849
2388.703830	.079682
2389.668184	.079498
2390.632538	.079444
2391.596891	.079565
2392.561245	.079959
2393.525598	.080599
2394.489952	.081232
2395.454305	.081674
2396.418659	.08195
2397.383013	.082163
2398.347366	.082279
2399.311720	.082403
2400.276073	.082768
2401.240427	.083053
2402.204781	.082864
2403.169134	.082403
2404.133488	.081987
2405.097841	.081717
2406.062195	.081454
2407.026549	.081034
2407.990902	.080586
2408.955256	.080207
2409.919609	.079878
2410.883963	.079714
2411.848316	.079741
2412.812670	.079848
2413.777024	.080062
2414.741377	.080412
2415.705731	.080758
2416.670084	.081122
2417.634438	.081583
2418.598792	.081984
2419.563145	.08231
2420.527499	.082651
2421.491852	.082904
2422.456206	.082995
2423.420559	.082933
2424.384913	.08279
2425.349267	.082751
2426.313620	.082722
2427.277974	.082407
2428.242327	.081842
2429.206681	.081254
2430.171035	.080793
2431.135388	.080474
2432.099742	.080235
2433.064095	.080043
2434.028449	.079872
2434.992802	.079768
2435.957156	.0798
2436.921510	.080007
2437.885863	.080457
2438.850217	.081061
2439.814570	.081617
2440.778924	.082078
2441.743278	.082554
2442.707631	.083008
2443.671985	.083346
2444.636338	.083618
2445.600692	.083732
2446.565046	.08352
2447.529399	.083093
2448.493753	.082752
2449.458106	.082558
2450.422460	.082211
2451.386813	.081636
2452.351167	.081091
2453.315521	.080604
2454.279874	.08014
2455.244228	.079944
2456.208581	.08012
2457.172935	.080368
2458.137289	.080502
2459.101642	.080734
2460.065996	.081172
2461.030349	.081587
2461.994703	.081829
2462.959056	.082117
2463.923410	.082655
2464.887764	.08319
2465.852117	.083422
2466.816471	.083596
2467.780824	.083843
2468.745178	.083811
2469.709532	.083448
2470.673885	.083049
2471.638239	.082769
2472.602592	.082481
2473.566946	.081975
2474.531300	.08143
2475.495653	.081153
2476.460007	.081012
2477.424360	.080747
2478.388714	.080488
2479.353067	.080419
2480.317421	.08039
2481.281775	.080392
2482.246128	.080591
2483.210482	.081062
2484.174835	.08181
2485.139189	.082539
2486.103543	.082982
2487.067896	.083266
2488.032250	.083532
2488.996603	.083804
2489.960957	.084039
2490.925310	.084108
2491.889664	.083946
2492.854018	.08365
2493.818371	.083387
2494.782725	.083253
2495.747078	.08306
2496.711432	.082457
2497.675786	.08163
2498.640139	.081101
2499.604493	.080915
2500.568846	.080789
2501.533200	.080646
2502.497553	.080648
2503.461907	.080913
2504.426261	.081372
2505.390614	.081818
2506.354968	.082105
2507.319321	.082423
2508.283675	.082965
2509.248029	.083499
2510.212382	.083735
2511.176736	.083815
2512.141089	.084109
2513.105443	.08453
2514.069797	.084612
2515.034150	.084303
2515.998504	.083908
2516.962857	.083581
2517.927211	.083305
2518.891564	.082976
2519.855918	.082539
2520.820272	.082062
2521.784625	.081704
2522.748979	.081566
2523.713332	.081473
2524.677686	.081373
2525.642040	.081478
2526.606393	.081714
2527.570747	.081932
2528.535100	.082303
2529.499454	.082864
2530.463807	.083379
2531.428161	.083804
2532.392515	.084268
2533.356868	.084737
2534.321222	.085077
2535.285575	.085279
2536.249929	.085397
2537.214283	.085335
2538.178636	.084934
2539.142990	.084317
2540.107343	.083791
2541.071697	.083437
2542.036050	.0831
2543.000404	.082673
2543.964758	.082212
2544.929111	.081848
2545.893465	.081686
2546.857818	.081766
2547.822172	.082005
2548.786526	.082187
2549.750879	.082138
2550.715233	.082071
2551.679586	.082428
2552.643940	.083078
2553.608294	.083694
2554.572647	.084403
2555.537001	.085197
2556.501354	.085773
2557.465708	.085923
2558.430061	.085778
2559.394415	.085551
2560.358769	.085291
2561.323122	.085161
2562.287476	.08498
2563.251829	.084438
2564.216183	.083823
2565.180537	.083295
2566.144890	.082731
2567.109244	.082346
2568.073597	.082251
2569.037951	.082139
2570.002304	.081973
2570.966658	.082003
2571.931012	.082147
2572.895365	.08229
2573.859719	.082606
2574.824072	.083165
2575.788426	.083745
2576.752780	.084299
2577.717133	.08493
2578.681487	.085397
2579.645840	.08555
2580.610194	.085584
2581.574547	.085662
2582.538901	.085779
2583.503255	.085687
2584.467608	.085303
2585.431962	.084907
2586.396315	.084592
2587.360669	.084232
2588.325023	.083791
2589.289376	.083315
2590.253730	.082946
2591.218083	.082772
2592.182437	.082749
2593.146791	.082859
2594.111144	.082893
2595.075498	.082701
2596.039851	.082676
2597.004205	.083086
2597.968558	.083661
2598.932912	.08416
2599.897266	.084582
2600.861619	.085001
2601.825973	.085477
2602.790326	.085933
2603.754680	.086192
2604.719034	.086175
2605.683387	.085965
2606.647741	.085655
2607.612094	.085276
2608.576448	.084914
2609.540801	.08458
2610.505155	.084124
2611.469509	.083601
2612.433862	.083213
2613.398216	.083015
2614.362569	.082915
2615.326923	.08275
2616.291277	.082527
2617.255630	.082515
2618.219984	.082876
2619.184337	.083429
2620.148691	.083893
2621.113045	.084192
2622.077398	.08447
2623.041752	.084752
2624.006105	.084902
2624.970459	.084986
2625.934812	.085115
2626.899166	.085263
2627.863520	.085471
2628.827873	.085662
2629.792227	.085536
2630.756580	.085006
2631.720934	.08436
2632.685288	.083818
2633.649641	.083421
2634.613995	.083219
2635.578348	.083039
2636.542702	.082631
2637.507055	.082206
2638.471409	.082016
2639.435763	.081929
2640.400116	.081964
2641.364470	.082321
2642.328823	.082903
2643.293177	.083484
2644.257531	.08394
2645.221884	.084258
2646.186238	.084545
2647.150591	.084761
2648.114945	.084784
2649.079298	.084775
2650.043652	.084806
2651.008006	.084713
2651.972359	.084629
2652.936713	.084652
2653.901066	.084519
2654.865420	.084151
2655.829774	.08364
2656.794127	.083094
2657.758481	.082739
2658.722834	.082447
2659.687188	.08198
2660.651542	.081664
2661.615895	.081791
2662.580249	.082068
2663.544602	.082209
2664.508956	.082324
2665.473309	.082572
2666.437663	.082942
2667.402017	.083337
2668.366370	.083706
2669.330724	.0841
2670.295077	.084462
2671.259431	.084646
2672.223785	.084608
2673.188138	.084477
2674.152492	.084477
2675.116845	.084465
2676.081199	.08416
2677.045552	.083819
2678.009906	.083582
2678.974260	.083126
2679.938613	.082542
2680.902967	.082176
2681.867320	.081978
2682.831674	.081797
2683.796028	.081628
2684.760381	.08151
2685.724735	.081365
2686.689088	.081223
2687.653442	.081406
2688.617795	.081866
2689.582149	.082289
2690.546503	.082756
2691.510856	.083251
2692.475210	.083564
2693.439563	.08378
2694.403917	.084013
2695.368271	.084127
2696.332624	.083992
2697.296978	.083724
2698.261331	.083587
2699.225685	.083573
2700.190039	.083433
2701.154392	.083102
2702.118746	.082647
2703.083099	.082227
2704.047453	.081943
2705.011806	.081537
2705.976160	.081063
2706.940514	.080919
2707.904867	.080984
2708.869221	.081072
2709.833574	.081249
2710.797928	.08141
2711.762282	.081566
2712.726635	.081944
2713.690989	.082578
2714.655342	.08317
2715.619696	.083377
2716.584049	.083396
2717.548403	.083591
2718.512757	.083645
2719.477110	.083355
2720.441464	.08323
2721.405817	.083324
2722.370171	.083235
2723.334525	.083041
2724.298878	.08275
2725.263232	.082236
2726.227585	.081866
2727.191939	.081748
2728.156293	.081534
2729.120646	.081247
2730.085000	.081126
2731.049353	.081195
2732.013707	.08134
2732.978060	.08153
2733.942414	.081655
2734.906768	.081644
2735.871121	.081931
2736.835475	.082564
2737.799828	.082899
2738.764182	.08297
2739.728536	.083304
2740.692889	.083779
2741.657243	.083997
2742.621596	.084096
2743.585950	.084223
2744.550303	.084059
2745.514657	.083603
2746.479011	.083195
2747.443364	.082849
2748.407718	.082553
2749.372071	.082427
2750.336425	.082348
2751.300779	.082065
2752.265132	.081625
2753.229486	.081533
2754.193839	.081982
2755.158193	.082305
2756.122546	.082122
2757.086900	.081925
2758.051254	.082111
2759.015607	.082553
2759.979961	.082984
2760.944314	.083292
2761.908668	.08353
2762.873022	.083831
2763.837375	.084217
2764.801729	.084408
2765.766082	.084323
2766.730436	.084325
2767.694790	.084472
2768.659143	.08455
2769.623497	.084513
2770.587850	.084299
2771.552204	.083912
2772.516557	.083499
2773.480911	.083175
2774.445265	.082992
2775.409618	.082852
2776.373972	.082711
2777.338325	.082689
2778.302679	.082661
2779.267033	.08248
2780.231386	.082444
2781.195740	.082698
2782.160093	.082986
2783.124447	.083217
2784.088800	.083437
2785.053154	.083653
2786.017508	.083998
2786.981861	.084516
2787.946215	.084934
2788.910568	.085096
2789.874922	.085166
2790.839276	.085208
2791.803629	.085136
2792.767983	.084897
2793.732336	.084571
2794.696690	.084249
2795.661043	.083961
2796.625397	.083796
2797.589751	.083533
2798.554104	.082977
2799.518458	.082695
2800.482811	.083002
2801.447165	.083331
2802.411519	.083496
2803.375872	.083739
2804.340226	.083902
2805.304579	.084016
2806.268933	.084279
2807.233287	.08441
2808.197640	.084413
2809.161994	.08469
2810.126347	.085183
2811.090701	.085539
2812.055054	.085608
2813.019408	.085528
2813.983762	.085481
2814.948115	.085588
2815.912469	.085912
2816.876822	.086084
2817.841176	.085655
2818.805530	.084913
2819.769883	.084514
2820.734237	.08451
2821.698590	.084419
2822.662944	.084201
2823.627297	.084117
2824.591651	.084044
2825.556005	.083935
2826.520358	.083947
2827.484712	.084153
2828.449065	.084546
2829.413419	.08493
2830.377773	.085315
2831.342126	.085835
2832.306480	.08629
2833.270833	.086562
2834.235187	.086689
2835.199541	.086716
2836.163894	.086713
2837.128248	.08672
2838.092601	.086805
2839.056955	.086716
2840.021308	.086284
2840.985662	.085884
2841.950016	.085558
2842.914369	.085163
2843.878723	.084777
2844.843076	.084463
2845.807430	.084411
2846.771784	.084443
2847.736137	.08429
2848.700491	.084304
2849.664844	.084649
2850.629198	.0849
2851.593551	.084827
2852.557905	.08483
2853.522259	.085237
2854.486612	.08586
2855.450966	.086348
2856.415319	.086524
2857.379673	.086671
2858.344027	.087005
2859.308380	.087189
2860.272734	.087078
2861.237087	.086956
2862.201441	.086914
2863.165794	.086871
2864.130148	.086881
2865.094502	.086821
2866.058855	.086509
2867.023209	.086168
2867.987562	.085938
2868.951916	.085693
2869.916270	.085527
2870.880623	.085534
2871.844977	.08567
2872.809330	.085827
2873.773684	.085791
2874.738038	.085757
2875.702391	.086069
2876.666745	.086486
2877.631098	.086784
2878.595452	.087011
2879.559805	.087122
2880.524159	.087332
2881.488513	.087786
2882.452866	.088122
2883.417220	.088225
2884.381573	.088234
2885.345927	.088106
2886.310281	.08783
2887.274634	.087454
2888.238988	.08705
2889.203341	.086769
2890.167695	.086793
2891.132048	.086961
2892.096402	.0868
2893.060756	.086373
2894.025109	.086093
2894.989463	.086054
2895.953816	.086132
2896.918170	.086148
2897.882524	.086188
2898.846877	.086595
2899.811231	.087274
2900.775584	.087669
2901.739938	.087623
2902.704291	.087624
2903.668645	.087991
2904.632999	.088418
2905.597352	.088646
2906.561706	.088784
2907.526059	.088737
2908.490413	.088415
2909.454767	.088075
2910.419120	.087836
2911.383474	.0877
2912.347827	.087634
2913.312181	.087363
2914.276535	.086876
2915.240888	.086493
2916.205242	.086245
2917.169595	.086035
2918.133949	.086004
2919.098302	.086204
2920.062656	.086479
2921.027010	.086706
2921.991363	.086859
2922.955717	.087114
2923.920070	.087544
2924.884424	.087788
2925.848778	.087821
2926.813131	.088087
2927.777485	.088511
2928.741838	.088617
2929.706192	.088498
2930.670545	.088671
2931.634899	.089024
2932.599253	.08908
2933.563606	.08899
2934.527960	.088921
2935.492313	.088619
2936.456667	.088203
2937.421021	.088009
2938.385374	.087956
2939.349728	.087789
2940.314081	.087497
2941.278435	.087291
2942.242789	.087232
2943.207142	.087333
2944.171496	.087616
2945.135849	.087809
2946.100203	.087933
2947.064556	.0882
2948.028910	.08837
2948.993264	.088449
2949.957617	.088663
2950.921971	.088982
2951.886324	.089285
2952.850678	.089421
2953.815032	.089564
2954.779385	.089808
2955.743739	.089736
2956.708092	.089381
2957.672446	.089115
2958.636799	.088765
2959.601153	.08832
2960.565507	.088207
2961.529860	.088342
2962.494214	.088209
2963.458567	.087769
2964.422921	.087549
2965.387275	.087752
2966.351628	.087957
2967.315982	.087918
2968.280335	.087914
2969.244689	.088103
2970.209042	.088353
2971.173396	.088787
2972.137750	.089432
2973.102103	.089936
2974.066457	.090163
2975.030810	.090238
2975.995164	.090252
2976.959518	.090275
2977.923871	.090446
2978.888225	.090597
2979.852578	.090242
2980.816932	.08954
2981.781286	.089135
2982.745639	.089079
2983.709993	.088917
2984.674346	.088541
2985.638700	.088354
2986.603053	.088475
2987.567407	.088565
2988.531761	.088454
2989.496114	.088304
2990.460468	.088287
2991.424821	.088379
2992.389175	.088528
2993.353529	.08882
2994.317882	.089232
2995.282236	.089544
2996.246589	.089658
2997.210943	.089787
2998.175296	.090172
2999.139650	.090676
3000.104004	.090957
3001.068357	.090927
3002.032711	.090816
3002.997064	.090757
3003.961418	.090581
3004.925772	.090311
3005.890125	.090139
3006.854479	.089879
3007.818832	.089208
3008.783186	.088405
3009.747539	.088149
3010.711893	.088474
3011.676247	.088793
3012.640600	.088707
3013.604954	.088369
3014.569307	.088157
3015.533661	.088155
3016.498015	.088425
3017.462368	.088939
3018.426722	.089367
3019.391075	.089613
3020.355429	.089824
3021.319783	.090213
3022.284136	.090727
3023.248490	.090993
3024.212843	.09105
3025.177197	.091061
3026.141550	.090916
3027.105904	.090713
3028.070258	.090586
3029.034611	.09031
3029.998965	.089747
3030.963318	.089175
3031.927672	.08885
3032.892026	.088705
3033.856379	.088661
3034.820733	.088709
3035.785086	.088697
3036.749440	.088537
3037.713793	.088411
3038.678147	.08849
3039.642501	.088739
3040.606854	.089116
3041.571208	.089605
3042.535561	.090105
3043.499915	.090481
3044.464269	.090632
3045.428622	.090729
3046.392976	.091005
3047.357329	.091195
3048.321683	.090894
3049.286037	.090355
3050.250390	.090167
3051.214744	.090232
3052.179097	.090177
3053.143451	.090071
3054.107804	.089836
3055.072158	.089379
3056.036512	.089083
3057.000865	.089058
3057.965219	.088922
3058.929572	.088729
3059.893926	.088815
3060.858280	.088952
3061.822633	.088899
3062.786987	.088934
3063.751340	.089228
3064.715694	.089551
3065.680047	.089745
3066.644401	.089806
3067.608755	.089791
3068.573108	.089863
3069.537462	.089985
3070.501815	.090108
3071.466169	.090379
3072.430523	.090654
3073.394876	.09068
3074.359230	.090505
3075.323583	.090267
3076.287937	.089952
3077.252290	.089576
3078.216644	.089358
3079.180998	.089306
3080.145351	.089026
3081.109705	.08839
3082.074058	.087947
3083.038412	.088104
3084.002766	.088516
3084.967119	.088802
3085.931473	.088979
3086.895826	.089106
3087.860180	.089279
3088.824534	.089607
3089.788887	.090016
3090.753241	.090425
3091.717594	.090738
3092.681948	.090789
3093.646301	.090694
3094.610655	.090756
3095.575009	.090967
3096.539362	.090968
3097.503716	.090548
3098.468069	.09003
3099.432423	.089735
3100.396777	.089497
3101.361130	.08911
3102.325484	.088695
3103.289837	.088528
3104.254191	.088605
3105.218544	.088611
3106.182898	.088591
3107.147252	.088725
3108.111605	.088777
3109.075959	.08873
3110.040312	.088834
3111.004666	.08898
3111.969020	.0891
3112.933373	.089526
3113.897727	.090142
3114.862080	.090345
3115.826434	.090146
3116.790787	.090042
3117.755141	.090253
3118.719495	.090591
3119.683848	.09071
3120.648202	.090537
3121.612555	.0903
3122.576909	.090158
3123.541263	.08999
3124.505616	.08962
3125.469970	.089212
3126.434323	.08909
3127.398677	.089171
3128.363031	.08909
3129.327384	.088827
3130.291738	.088627
3131.256091	.088586
3132.220445	.088635
3133.184798	.088749
3134.149152	.088971
3135.113506	.089193
3136.077859	.089456
3137.042213	.089846
3138.006566	.090063
3138.970920	.090094
3139.935274	.090355
3140.899627	.090731
3141.863981	.090723
3142.828334	.09049
3143.792688	.090472
3144.757041	.090355
3145.721395	.08988
3146.685749	.089523
3147.650102	.089459
3148.614456	.089331
3149.578809	.088969
3150.543163	.088562
3151.507517	.088372
3152.471870	.088326
3153.436224	.088224
3154.400577	.088064
3155.364931	.088066
3156.329284	.088534
3157.293638	.089178
3158.257992	.089446
3159.222345	.089431
3160.186699	.089462
3161.151052	.089679
3162.115406	.089956
3163.079760	.090004
3164.044113	.089979
3165.008467	.090216
3165.972820	.090526
3166.937174	.090571
3167.901528	.090315
3168.865881	.090041
3169.830235	.090031
3170.794588	.089982
3171.758942	.089531
3172.723295	.088934
3173.687649	.088512
3174.652003	.088256
3175.616356	.088021
3176.580710	.08766
3177.545063	.087412
3178.509417	.087868
3179.473771	.088754
3180.438124	.089094
3181.402478	.088991
3182.366831	.089113
3183.331185	.0894
3184.295538	.089696
3185.259892	.090035
3186.224246	.090244
3187.188599	.090273
3188.152953	.090245
3189.117306	.090113
3190.081660	.089906
3191.046014	.08971
3192.010367	.089448
3192.974721	.089238
3193.939074	.089158
3194.903428	.088903
3195.867782	.088396
3196.832135	.087925
3197.796489	.087752
3198.760842	.087872
3199.725196	.088091
3200.689549	.088334
3201.653903	.088419
3202.618257	.088235
3203.582610	.088047
3204.546964	.088044
3205.511317	.088392
3206.475671	.089118
3207.440025	.08971
3208.404378	.089752
3209.368732	.08959
3210.333085	.089721
3211.297439	.09003
3212.261792	.090089
3213.226146	.089852
3214.190500	.089844
3215.154853	.090058
3216.119207	.089714
3217.083560	.088939
3218.047914	.088592
3219.012268	.088671
3219.976621	.088628
3220.940975	.088395
3221.905328	.088066
3222.869682	.087655
3223.834035	.087492
3224.798389	.087639
3225.762743	.087849
3226.727096	.088092
3227.691450	.088316
3228.655803	.088544
3229.620157	.088828
3230.584511	.089155
3231.548864	.089546
3232.513218	.089771
3233.477571	.089695
3234.441925	.089729
3235.406279	.090064
3236.370632	.090282
3237.334986	.090161
3238.299339	.0899
3239.263693	.0897
3240.228046	.089492
3241.192400	.089147
3242.156754	.088963
3243.121107	.089018
3244.085461	.088809
3245.049814	.088347
3246.014168	.088182
3246.978522	.088221
3247.942875	.087997
3248.907229	.087815
3249.871582	.08813
3250.835936	.088486
3251.800289	.088371
3252.764643	.088086
3253.728997	.088145
3254.693350	.088688
3255.657704	.089271
3256.622057	.089303
3257.586411	.089013
3258.550765	.089031
3259.515118	.089374
3260.479472	.089594
3261.443825	.08946
3262.408179	.089143
3263.372532	.088879
3264.336886	.088814
3265.301240	.088833
3266.265593	.08867
3267.229947	.088414
3268.194300	.088195
3269.158654	.087927
3270.123008	.087652
3271.087361	.087442
3272.051715	.087361
3273.016068	.087581
3273.980422	.088007
3274.944776	.088216
3275.909129	.088203
3276.873483	.088368
3277.837836	.088642
3278.802190	.088763
3279.766543	.088966
3280.730897	.089286
3281.695251	.089287
3282.659604	.088966
3283.623958	.088884
3284.588311	.089381
3285.552665	.089951
3286.517019	.089923
3287.481372	.089487
3288.445726	.089118
3289.410079	.088898
3290.374433	.088583
3291.338786	.08801
3292.303140	.087612
3293.267494	.087776
3294.231847	.088041
3295.196201	.087872
3296.160554	.087582
3297.124908	.087618
3298.089262	.087775
3299.053615	.08792
3300.017969	.088201
3300.982322	.088516
3301.946676	.088791
3302.911030	.088977
3303.875383	.088996
3304.839737	.089072
3305.804090	.089286
3306.768444	.089289
3307.732797	.089134
3308.697151	.089169
3309.661505	.089131
3310.625858	.088862
3311.590212	.088743
3312.554565	.088754
3313.518919	.088579
3314.483273	.08818
3315.447626	.087837
3316.411980	.087873
3317.376333	.088051
3318.340687	.087841
3319.305040	.087393
3320.269394	.087255
3321.233748	.087425
3322.198101	.087606
3323.162455	.087721
3324.126808	.087891
3325.091162	.088242
3326.055516	.088551
3327.019869	.088597
3327.984223	.088515
3328.948576	.088547
3329.912930	.08896
3330.877283	.089373
3331.841637	.08923
3332.805991	.08906
3333.770344	.089117
3334.734698	.088858
3335.699051	.088441
3336.663405	.088172
3337.627759	.087944
3338.592112	.087738
3339.556466	.08752
3340.520819	.087427
3341.485173	.087636
3342.449527	.087903
3343.413880	.087987
3344.378234	.087991
3345.342587	.088019
3346.306941	.087955
3347.271294	.087806
3348.235648	.087882
3349.200002	.088197
3350.164355	.088417
3351.128709	.088568
3352.093062	.08889
3353.057416	.089269
3354.021770	.089297
3354.986123	.088862
3355.950477	.088567
3356.914830	.088828
3357.879184	.08904
3358.843537	.08867
3359.807891	.087987
3360.772245	.087336
3361.736598	.087073
3362.700952	.087498
3363.665305	.087999
3364.629659	.087823
3365.594013	.087349
3366.558366	.087138
3367.522720	.087034
3368.487073	.08687
3369.451427	.086898
3370.415780	.087152
3371.380134	.087311
3372.344488	.087526
3373.308841	.088079
3374.273195	.088458
3375.237548	.088287
3376.201902	.088147
3377.166256	.088508
3378.130609	.08897
3379.094963	.089041
3380.059316	.088861
3381.023670	.088678
3381.988024	.0884
3382.952377	.088128
3383.916731	.087987
3384.881084	.087876
3385.845438	.087858
3386.809791	.087782
3387.774145	.087383
3388.738499	.086899
3389.702852	.086728
3390.667206	.086853
3391.631559	.087017
3392.595913	.087156
3393.560267	.087148
3394.524620	.087098
3395.488974	.087378
3396.453327	.087668
3397.417681	.087698
3398.382034	.087866
3399.346388	.0882
3400.310742	.088451
3401.275095	.088542
3402.239449	.088394
3403.203802	.088091
3404.168156	.088093
3405.132510	.0886
3406.096863	.089079
3407.061217	.08918
3408.025570	.089009
3408.989924	.088629
3409.954278	.088195
3410.918631	.087698
3411.882985	.087252
3412.847338	.087175
3413.811692	.087053
3414.776045	.086531
3415.740399	.086155
3416.704753	.086292
3417.669106	.086599
3418.633460	.086846
3419.597813	.087216
3420.562167	.08759
3421.526521	.087718
3422.490874	.08778
3423.455228	.088045
3424.419581	.088327
3425.383935	.088182
3426.348288	.08796
3427.312642	.088231
3428.276996	.088397
3429.241349	.087907
3430.205703	.087335
3431.170056	.087132
3432.134410	.087105
3433.098764	.086976
3434.063117	.086697
3435.027471	.086618
3435.991824	.086784
3436.956178	.086735
3437.920531	.086542
3438.884885	.086581
3439.849239	.086685
3440.813592	.086522
3441.777946	.086398
3442.742299	.086788
3443.706653	.087448
3444.671007	.087892
3445.635360	.087931
3446.599714	.087593
3447.564067	.087368
3448.528421	.087723
3449.492775	.088138
3450.457128	.087976
3451.421482	.087556
3452.385835	.087367
3453.350189	.087442
3454.314542	.087473
3455.278896	.087264
3456.243250	.086995
3457.207603	.086665
3458.171957	.086288
3459.136310	.086248
3460.100664	.086524
3461.065018	.086649
3462.029371	.086632
3462.993725	.086579
3463.958078	.086247
3464.922432	.086104
3465.886785	.086694
3466.851139	.087207
3467.815493	.087043
3468.779846	.086953
3469.744200	.087412
3470.708553	.087925
3471.672907	.08806
3472.637261	.087969
3473.601614	.087932
3474.565968	.087902
3475.530321	.0877
3476.494675	.087497
3477.459028	.087577
3478.423382	.087687
3479.387736	.087446
3480.352089	.086868
3481.316443	.086233
3482.280796	.086018
3483.245150	.086272
3484.209504	.086506
3485.173857	.086551
3486.138211	.086569
3487.102564	.08652
3488.066918	.086332
3489.031272	.086398
3489.995625	.08684
3490.959979	.087129
3491.924332	.087155
3492.888686	.08717
3493.853039	.087227
3494.817393	.087324
3495.781747	.087527
3496.746100	.087838
3497.710454	.087844
3498.674807	.08742
3499.639161	.087197
3500.603515	.087176
3501.567868	.086817
3502.532222	.086471
3503.496575	.086479
3504.460929	.086409
3505.425282	.086176
3506.389636	.085994
3507.353990	.085947
3508.318343	.08621
3509.282697	.086506
3510.247050	.086347
3511.211404	.086015
3512.175758	.085947
3513.140111	.08622
3514.104465	.086672
3515.068818	.086822
3516.033172	.08665
3516.997526	.086683
3517.961879	.087031
3518.926233	.08727
3519.890586	.087172
3520.854940	.087084
3521.819293	.087105
3522.783647	.086971
3523.748001	.086885
3524.712354	.086994
3525.676708	.086912
3526.641061	.08651
3527.605415	.08605
3528.569769	.085763
3529.534122	.085902
3530.498476	.086308
3531.462829	.086338
3532.427183	.085953
3533.391536	.08567
3534.355890	.08558
3535.320244	.085576
3536.284597	.085889
3537.248951	.086432
3538.213304	.086658
3539.177658	.086658
3540.142012	.086797
3541.106365	.086896
3542.070719	.086874
3543.035072	.086742
3543.999426	.086418
3544.963779	.086104
3545.928133	.086002
3546.892487	.086162
3547.856840	.086439
3548.821194	.086613
3549.785547	.086629
3550.749901	.086366
3551.714255	.086039
3552.678608	.085964
3553.642962	.085731
3554.607315	.085189
3555.571669	.084854
3556.536023	.084979
3557.500376	.085375
3558.464730	.08565
3559.429083	.085666
3560.393437	.085621
3561.357790	.085522
3562.322144	.085441
3563.286498	.08556
3564.250851	.085542
3565.215205	.084953
3566.179558	.084147
3567.143912	.084064
3568.108266	.084969
3569.072619	.086136
3570.036973	.086904
3571.001326	.087099
3571.965680	.087007
3572.930033	.086897
3573.894387	.086559
3574.858741	.086093
3575.823094	.085982
3576.787448	.08625
3577.751801	.086384
3578.716155	.085992
3579.680509	.085397
3580.644862	.085176
3581.609216	.085391
3582.573569	.085739
3583.537923	.085856
3584.502276	.085389
3585.466630	.084538
3586.430984	.08404
3587.395337	.084196
3588.359691	.084823
3589.324044	.085864
3590.288398	.087026
3591.252752	.087441
3592.217105	.086813
3593.181459	.086049
3594.145812	.085735
3595.110166	.08568
3596.074520	.085782
3597.038873	.085912
3598.003227	.08591
3598.967580	.085802
3599.931934	.085644
3600.896287	.085385
3601.860641	.085111
3602.824995	.085208
3603.789348	.085636
3604.753702	.085714
3605.718055	.085244
3606.682409	.084499
3607.646763	.083534
3608.611116	.083121
3609.575470	.083933
3610.539823	.084912
3611.504177	.085496
3612.468530	.086114
3613.432884	.086519
3614.397238	.08669
3615.361591	.086942
3616.325945	.086816
3617.290298	.085934
3618.254652	.084909
3619.219006	.084613
3620.183359	.08525
3621.147713	.086298
3622.112066	.08721
3623.076420	.087688
3624.040774	.087476
3625.005127	.086652
3625.969481	.085532
3626.933834	.083961
3627.898188	.081847
3628.862541	.080912
3629.826895	.08278
3630.791249	.085335
3631.755602	.086467
3632.719956	.086917
3633.684309	.087795
3634.648663	.088917
3635.613017	.089725
3636.577370	.089972
3637.541724	.089754
3638.506077	.089768
3639.470431	.090271
3640.434784	.090683
3641.399138	.090699
3642.363492	.090393
3643.327845	.0899
3644.292199	.089154
3645.256552	.08809
3646.220906	.086846
3647.185260	.085385
3648.149613	.083933
3649.113967	.083263
3650.078320	.083902
3651.042674	.08555
3652.007027	.087478
3652.971381	.089007
3653.935735	.089474
3654.900088	.088787
3655.864442	.088185
3656.828795	.08896
3657.793149	.090461
3658.757503	.091526
3659.721856	.092055
3660.686210	.092374
3661.650563	.092616
3662.614917	.092793
3663.579271	.092996
3664.543624	.093145
3665.507978	.092964
3666.472331	.092349
3667.436685	.091457
3668.401038	.090178
3669.365392	.088471
3670.329746	.087753
3671.294099	.089057
3672.258453	.090435
3673.222806	.089644
3674.187160	.086931
3675.151514	.085202
3676.115867	.086926
3677.080221	.090054
3678.044574	.091642
3679.008928	.091936
3679.973281	.092462
3680.937635	.09322
3681.901989	.093661
3682.866342	.094158
3683.830696	.094774
3684.795049	.095
3685.759403	.094451
3686.723757	.092751
3687.688110	.090763
3688.652464	.090433
3689.616817	.091429
3690.581171	.092289
3691.545524	.09288
3692.509878	.093302
3693.474232	.093532
3694.438585	.093634
3695.402939	.093918
3696.367292	.094342
3697.331646	.094274
3698.296000	.093672
3699.260353	.09305
3700.224707	.092512
3701.189060	.092241
3702.153414	.092855
3703.117768	.093901
3704.082121	.094362
3705.046475	.094534
3706.010828	.094995
3706.975182	.095166
3707.939535	.094329
3708.903889	.09315
3709.868243	.092272
3710.832596	.091203
3711.796950	.090972
3712.761303	.092831
3713.725657	.094829
3714.690011	.095557
3715.654364	.095634
3716.618718	.095178
3717.583071	.094432
3718.547425	.094258
3719.511778	.094292
3720.476132	.093362
3721.440486	.092217
3722.404839	.0925
3723.369193	.093275
3724.333546	.092879
3725.297900	.092043
3726.262254	.092242
3727.226607	.093583
3728.190961	.094987
3729.155314	.095438
3730.119668	.094404
3731.084022	.092584
3732.048375	.091846
3733.012729	.091984
3733.977082	.09128
3734.941436	.090497
3735.905789	.091306
3736.870143	.093321
3737.834497	.095047
3738.798850	.095675
3739.763204	.095329
3740.727557	.094449
3741.691911	.092928
3742.656265	.090158
3743.620618	.087207
3744.584972	.087574
3745.549325	.090997
3746.513679	.092809
3747.478032	.091693
3748.442386	.089528
3749.406740	.088822
3750.371093	.089171
3751.335447	.089347
3752.299800	.090885
3753.264154	.093655
3754.228508	.095202
3755.192861	.095362
3756.157215	.095464
3757.121568	.095747
3758.085922	.09522
3759.050275	.09412
3760.014629	.094188
3760.978983	.095437
3761.943336	.096132
3762.907690	.095883
3763.872043	.09526
3764.836397	.094573
3765.800751	.094398
3766.765104	.094757
3767.729458	.094471
3768.693811	.093174
3769.658165	.09254
3770.622519	.09369
3771.586872	.095102
3772.551226	.095624
3773.515579	.095804
3774.479933	.096
3775.444286	.096155
3776.408640	.096438
3777.372994	.096503
3778.337347	.095971
3779.301701	.095703
3780.266054	.096339
3781.230408	.097208
3782.194762	.097591
3783.159115	.097307
3784.123469	.096672
3785.087822	.096352
3786.052176	.096706
3787.016529	.097102
3787.980883	.09687
3788.945237	.096473
3789.909590	.096409
3790.873944	.096351
3791.838297	.095994
3792.802651	.095682
3793.767005	.09573
3794.731358	.095501
3795.695712	.094505
3796.660065	.09385
3797.624419	.09443
3798.588772	.094872
3799.553126	.093659
3800.517480	.091702
3801.481833	.0915
3802.446187	.093474
3803.410540	.09549
3804.374894	.095986
3805.339248	.09463
3806.303601	.092877
3807.267955	.093122
3808.232308	.095088
3809.196662	.096338
3810.161016	.096231
3811.125369	.095709
3812.089723	.095238
3813.054076	.094682
3814.018430	.093479
3814.982783	.091561
3815.947137	.090951
3816.911491	.09262
3817.875844	.094057
3818.840198	.093589
3819.804551	.091667
3820.768905	.090153
3821.733259	.090997
3822.697612	.093375
3823.661966	.095154
3824.626319	.095654
3825.590673	.09543
3826.555026	.095652
3827.519380	.09651
3828.483734	.096896
3829.448087	.096348
3830.412441	.095186
3831.376794	.094221
3832.341148	.094161
3833.305502	.094328
3834.269855	.094
3835.234209	.093366
3836.198562	.092373
3837.162916	.091222
3838.127269	.091189
3839.091623	.09226
3840.055977	.09303
3841.020330	.093453
3841.984684	.093833
3842.949037	.094025
3843.913391	.094565
3844.877745	.095711
3845.842098	.096709
3846.806452	.09713
3847.770805	.096982
3848.735159	.096281
3849.699513	.095033
3850.663866	.093115
3851.628220	.090512
3852.592573	.087569
3853.556927	.086348
3854.521280	.089195
3855.485634	.093209
3856.449988	.095102
3857.414341	.095483
3858.378695	.095214
3859.343048	.094547
3860.307402	.093993
3861.271756	.093962
3862.236109	.094197
3863.200463	.093877
3864.164816	.093073
3865.129170	.093056
3866.093523	.093903
3867.057877	.094175
3868.022231	.093305
3868.986584	.0923
3869.950938	.092702
3870.915291	.094362
3871.879645	.095382
3872.843999	.094991
3873.808352	.094694
3874.772706	.095827
3875.737059	.097092
3876.701413	.097252
3877.665767	.096616
3878.630120	.095375
3879.594474	.09405
3880.558827	.093988
3881.523181	.095035
3882.487534	.09549
3883.451888	.094835
3884.416242	.093656
3885.380595	.092931
3886.344949	.093426
3887.309302	.094459
3888.273656	.095059
3889.238010	.094748
3890.202363	.093697
3891.166717	.093194
3892.131070	.094119
3893.095424	.095637
3894.059777	.09656
3895.024131	.096499
3895.988485	.095865
3896.952838	.095322
3897.917192	.094938
3898.881545	.09463
3899.845899	.094368
3900.810253	.093598
3901.774606	.092406
3902.738960	.091708
3903.703313	.092205
3904.667667	.093631
3905.632020	.094921
3906.596374	.095879
3907.560728	.09665
3908.525081	.096839
3909.489435	.096452
3910.453788	.096011
3911.418142	.095863
3912.382496	.095893
3913.346849	.095794
3914.311203	.095471
3915.275556	.095199
3916.239910	.09517
3917.204264	.095321
3918.168617	.095628
3919.132971	.095968
3920.097324	.096364
3921.061678	.096832
3922.026031	.096968
3922.990385	.096674
3923.954739	.09638
3924.919092	.096451
3925.883446	.096885
3926.847799	.097042
3927.812153	.096325
3928.776507	.095438
3929.740860	.095199
3930.705214	.095038
3931.669567	.094656
3932.633921	.094768
3933.598274	.095148
3934.562628	.095108
3935.526982	.095107
3936.491335	.095631
3937.455689	.096364
3938.420042	.096718
3939.384396	.096421
3940.348750	.095948
3941.313103	.095847
3942.277457	.095994
3943.241810	.096163
3944.206164	.096556
3945.170517	.09694
3946.134871	.096887
3947.099225	.096714
3948.063578	.096701
3949.027932	.096852
3949.992285	.09701
3950.956639	.096984
3951.920993	.097061
3952.885346	.09716
3953.849700	.096899
3954.814053	.096572
3955.778407	.096267
3956.742761	.095625
3957.707114	.095194
3958.671468	.095614
3959.635821	.096186
3960.600175	.096344
3961.564528	.096329
3962.528882	.096198
3963.493236	.096185
3964.457589	.096626
3965.421943	.097067
3966.386296	.096959
3967.350650	.096536
3968.315004	.096215
3969.279357	.096364
3970.243711	.097009
3971.208064	.097372
3972.172418	.09718
3973.136771	.096964
3974.101125	.096912
3975.065479	.097189
3976.029832	.097586
3976.994186	.097161
3977.958539	.09614
3978.922893	.095695
3979.887247	.095887
3980.851600	.096128
3981.815954	.096213
3982.780307	.096254
3983.744661	.09636
3984.709015	.096473
3985.673368	.096647
3986.637722	.096988
3987.602075	.09726
3988.566429	.097203
3989.530782	.097048
3990.495136	.096977
3991.459490	.096802
3992.423843	.096579
3993.388197	.096606
3994.352550	.096976
3995.316904	.097276
3996.281258	.097052
3997.245611	.096727
3998.209965	.096815
3999.174318	.096839
4000.138672	.096476