499.535156	.90844
500.499510	.90871
501.463863	.91112
502.428217	.91265
503.392571	.91182
504.356924	.91134
505.321278	.91278
506.285631	.91569
507.249985	.91833
508.214339	.92002
509.178692	.92209
510.143046	.92401
511.107399	.92545
512.071753	.92779
513.036106	.93021
514.000460	.93173
514.964814	.93349
515.929167	.93592
516.893521	.93799
517.857874	.93919
518.822228	.93998
519.786582	.93957
520.750935	.93794
521.715289	.93754
522.679642	.93833
523.643996	.93902
524.608349	.9411
525.572703	.94372
526.537057	.94298
527.501410	.93992
528.465764	.93858
529.430117	.93915
530.394471	.93956
531.358825	.93865
532.323178	.93717
533.287532	.93695
534.251885	.93777
535.216239	.93786
536.180593	.93747
537.144946	.9377
538.109300	.93796
539.073653	.93796
540.038007	.93842
541.002360	.93957
541.966714	.94133
542.931068	.94312
543.895421	.94429
544.859775	.94526
545.824128	.94634
546.788482	.94706
547.752836	.94668
548.717189	.94548
549.681543	.94523
550.645896	.94539
551.610250	.9445
552.574603	.94456
553.538957	.94665
554.503311	.94872
555.467664	.94919
556.432018	.94876
557.396371	.94885
558.360725	.94904
559.325079	.94867
560.289432	.94822
561.253786	.94864
562.218139	.94959
563.182493	.94908
564.146846	.94754
565.111200	.94785
566.075554	.95015
567.039907	.95166
568.004261	.95078
568.968614	.94868
569.932968	.94747
570.897322	.94795
571.861675	.94874
572.826029	.94843
573.790382	.94757
574.754736	.94731
575.719090	.94786
576.683443	.94836
577.647797	.94788
578.612150	.94672
579.576504	.9463
580.540857	.94678
581.505211	.94671
582.469565	.94581
583.433918	.94515
584.398272	.94538
585.362625	.94582
586.326979	.94578
587.291333	.94543
588.255686	.94471
589.220040	.94395
590.184393	.94413
591.148747	.9451
592.113100	.94523
593.077454	.94332
594.041808	.9412
595.006161	.94107
595.970515	.94145
596.934868	.94039
597.899222	.93891
598.863576	.93832
599.827929	.93813
600.792283	.93732
601.756636	.93628
602.720990	.93584
603.685343	.93525
604.649697	.9341
605.614051	.93361
606.578404	.9341
607.542758	.93377
608.507111	.93241
609.471465	.93204
610.435819	.93222
611.400172	.9311
612.364526	.92935
613.328879	.92871
614.293233	.92969
615.257587	.93097
616.221940	.9307
617.186294	.9288
618.150647	.92658
619.115001	.92523
620.079354	.92527
621.043708	.92567
622.008062	.92514
622.972415	.92404
623.936769	.92334
624.901122	.92302
625.865476	.92216
626.829830	.92092
627.794183	.92013
628.758537	.91951
629.722890	.91868
630.687244	.91768
631.651597	.91684
632.615951	.91663
633.580305	.91701
634.544658	.91737
635.509012	.91665
636.473365	.91495
637.437719	.91378
638.402073	.91361
639.366426	.91359
640.330780	.91315
641.295133	.9122
642.259487	.91103
643.223841	.91035
644.188194	.91039
645.152548	.9104
646.116901	.90999
647.081255	.90928
648.045608	.90857
649.009962	.90785
649.974316	.90636
650.938669	.90396
651.903023	.90148
652.867376	.89992
653.831730	.8994
654.796084	.89842
655.760437	.89601
656.724791	.89309
657.689144	.89067
658.653498	.88798
659.617851	.88376
660.582205	.87816
661.546559	.87205
662.510912	.86492
663.475266	.85553
664.439619	.84399
665.403973	.8324
666.368327	.82523
667.332680	.82575
668.297034	.82079
669.261387	.80129
670.225741	.79189
671.190094	.79562
672.154448	.80768
673.118802	.82181
674.083155	.83501
675.047509	.84641
676.011862	.85523
676.976216	.86167
677.940570	.86588
678.904923	.86773
679.869277	.86848
680.833630	.86949
681.797984	.87126
682.762338	.87328
683.726691	.87452
684.691045	.87528
685.655398	.87645
686.619752	.87755
687.584105	.87768
688.548459	.87686
689.512813	.87536
690.477166	.87368
691.441520	.8728
692.405873	.87259
693.370227	.87177
694.334581	.87005
695.298934	.86831
696.263288	.86706
697.227641	.86601
698.191995	.86456
699.156348	.86259
700.120702	.86023
701.085056	.85751
702.049409	.85469
703.013763	.85196
703.978116	.84929
704.942470	.84663
705.906824	.8438
706.871177	.84012
707.835531	.83492
708.799884	.82878
709.764238	.82255
710.728591	.81585
711.692945	.80772
712.657299	.79739
713.621652	.78413
714.586006	.7669
715.550359	.74285
716.514713	.70649
717.479067	.65209
718.443420	.58808
719.407774	.55126
720.372127	.57501
721.336481	.63894
722.300835	.69687
723.265188	.73248
724.229542	.75102
725.193895	.75851
726.158249	.7565
727.122602	.74202
728.086956	.71039
729.051310	.66311
730.015663	.62326
730.980017	.62742
731.944370	.68078
732.908724	.74645
733.873078	.79305
734.837431	.81849
735.801785	.83127
736.766138	.83751
737.730492	.84115
738.694845	.84413
739.659199	.84634
740.623553	.84753
741.587906	.84792
742.552260	.84786
743.516613	.84778
744.480967	.84768
745.445321	.84702
746.409674	.84566
747.374028	.84468
748.338381	.84485
749.302735	.84542
750.267088	.84552
751.231442	.84534
752.195796	.84536
753.160149	.84562
754.124503	.84621
755.088856	.84692
756.053210	.84702
757.017564	.84676
757.981917	.84689
758.946271	.84688
759.910624	.84612
760.874978	.84528
761.839332	.84482
762.803685	.84423
763.768039	.84329
764.732392	.84262
765.696746	.84241
766.661099	.842
767.625453	.8413
768.589807	.84093
769.554160	.84093
770.518514	.8409
771.482867	.8406
772.447221	.84006
773.411575	.83971
774.375928	.83987
775.340282	.83996
776.304635	.83922
777.268989	.83856
778.233342	.8391
779.197696	.83977
780.162050	.83918
781.126403	.83775
782.090757	.83689
783.055110	.83704
784.019464	.83699
784.983818	.83633
785.948171	.83603
786.912525	.83635
787.876878	.8368
788.841232	.8368
789.805586	.83612
790.769939	.83543
791.734293	.83531
792.698646	.83551
793.663000	.83568
794.627353	.8356
795.591707	.83534
796.556061	.83537
797.520414	.83552
798.484768	.83513
799.449121	.83439
800.413475	.83386
801.377829	.8336
802.342182	.83334
803.306536	.83293
804.270889	.83269
805.235243	.83281
806.199596	.83322
807.163950	.83375
808.128304	.83382
809.092657	.83376
810.057011	.83408
811.021364	.83395
811.985718	.83335
812.950072	.8333
813.914425	.83356
814.878779	.83336
815.843132	.83287
816.807486	.8327
817.771839	.83295
818.736193	.83328
819.700547	.83335
820.664900	.8331
821.629254	.83282
822.593607	.83265
823.557961	.83279
824.522315	.83324
825.486668	.83328
826.451022	.83265
827.415375	.83199
828.379729	.83154
829.344083	.83133
830.308436	.83171
831.272790	.83235
832.237143	.83215
833.201497	.83112
834.165850	.8307
835.130204	.83134
836.094558	.83217
837.058911	.83231
838.023265	.83158
838.987618	.83048
839.951972	.82973
840.916326	.82991
841.880679	.83072
842.845033	.83135
843.809386	.83163
844.773740	.8316
845.738093	.83146
846.702447	.83169
847.666801	.83189
848.631154	.83157
849.595508	.83131
850.559861	.83143
851.524215	.8316
852.488569	.8315
853.452922	.83086
854.417276	.83021
855.381629	.83012
856.345983	.83031
857.310336	.83056
858.274690	.83063
859.239044	.83024
860.203397	.82986
861.167751	.8299
862.132104	.82986
863.096458	.82981
864.060812	.83035
865.025165	.83073
865.989519	.83033
866.953872	.82978
867.918226	.82946
868.882580	.82905
869.846933	.82811
870.811287	.82693
871.775640	.82637
872.739994	.82637
873.704347	.82613
874.668701	.82549
875.633055	.82515
876.597408	.82552
877.561762	.82605
878.526115	.8263
879.490469	.82642
880.454823	.8263
881.419176	.82583
882.383530	.82538
883.347883	.82546
884.312237	.82605
885.276590	.8267
886.240944	.82714
887.205298	.82725
888.169651	.8272
889.134005	.82746
890.098358	.82817
891.062712	.82902
892.027066	.8296
892.991419	.8299
893.955773	.83031
894.920126	.83079
895.884480	.83099
896.848834	.8312
897.813187	.83167
898.777541	.8319
899.741894	.83167
900.706248	.8316
901.670601	.832
902.634955	.83236
903.599309	.83238
904.563662	.83199
905.528016	.83096
906.492369	.82963
907.456723	.82859
908.421077	.82799
909.385430	.82802
910.349784	.82924
911.314137	.83117
912.278491	.83279
913.242844	.83398
914.207198	.83469
915.171552	.83504
916.135905	.83565
917.100259	.83636
918.064612	.83672
919.028966	.83673
919.993320	.83657
920.957673	.83663
921.922027	.83705
922.886380	.83759
923.850734	.83807
924.815087	.83828
925.779441	.83816
926.743795	.83815
927.708148	.83841
928.672502	.83875
929.636855	.83906
930.601209	.83901
931.565563	.83879
932.529916	.83881
933.494270	.83883
934.458623	.8389
935.422977	.8392
936.387331	.83935
937.351684	.83919
938.316038	.8389
939.280391	.83864
940.244745	.83861
941.209098	.83894
942.173452	.83926
943.137806	.83923
944.102159	.83897
945.066513	.83876
946.030866	.83852
946.995220	.83816
947.959574	.83798
948.923927	.83808
949.888281	.83817
950.852634	.83809
951.816988	.83785
952.781341	.83747
953.745695	.83701
954.710049	.83665
955.674402	.83648
956.638756	.83633
957.603109	.83593
958.567463	.83528
959.531817	.83457
960.496170	.83395
961.460524	.83336
962.424877	.83257
963.389231	.83181
964.353584	.83139
965.317938	.83099
966.282292	.83041
967.246645	.82969
968.210999	.82894
969.175352	.82829
970.139706	.82764
971.104060	.82692
972.068413	.82618
973.032767	.82544
973.997120	.82459
974.961474	.82357
975.925828	.82257
976.890181	.82161
977.854535	.82051
978.818888	.81929
979.783242	.81795
980.747595	.81637
981.711949	.81447
982.676303	.81237
983.640656	.81026
984.605010	.80794
985.569363	.80522
986.533717	.80223
987.498071	.7991
988.462424	.79593
989.426778	.79282
990.391131	.78969
991.355485	.78632
992.319838	.78259
993.284192	.77863
994.248546	.77463
995.212899	.77057
996.177253	.76643
997.141606	.76218
998.105960	.75737
999.070314	.75171
1000.034667	.74544
1000.999021	.73864
1001.963374	.73098
1002.927728	.72232
1003.892082	.71281
1004.856435	.70238
1005.820789	.69063
1006.785142	.67714
1007.749496	.66179
1008.713849	.64444
1009.678203	.62489
1010.642557	.60321
1011.606910	.57976
1012.571264	.5555
1013.535617	.53181
1014.499971	.50973
1015.464325	.49006
1016.428678	.47412
1017.393032	.46348
1018.357385	.45855
1019.321739	.45884
1020.286092	.46391
1021.250446	.47311
1022.214800	.48588
1023.179153	.50191
1024.143507	.52028
1025.107860	.53963
1026.072214	.55941
1027.036568	.57931
1028.000921	.5987
1028.965275	.61728
1029.929628	.6351
1030.893982	.65177
1031.858335	.66702
1032.822689	.68127
1033.787043	.69468
1034.751396	.70671
1035.715750	.71704
1036.680103	.72587
1037.644457	.73349
1038.608811	.74011
1039.573164	.74578
1040.537518	.75044
1041.501871	.75444
1042.466225	.75829
1043.430579	.7621
1044.394932	.76561
1045.359286	.76894
1046.323639	.77255
1047.287993	.77636
1048.252346	.78008
1049.216700	.78407
1050.181054	.7886
1051.145407	.79339
1052.109761	.79854
1053.074114	.80387
1054.038468	.80869
1055.002822	.81288
1055.967175	.81677
1056.931529	.82049
1057.895882	.8241
1058.860236	.8276
1059.824589	.8307
1060.788943	.83322
1061.753297	.83568
1062.717650	.83854
1063.682004	.84118
1064.646357	.84299
1065.610711	.84461
1066.575065	.84675
1067.539418	.84907
1068.503772	.85105
1069.468125	.85276
1070.432479	.85417
1071.396832	.85526
1072.361186	.85615
1073.325540	.85689
1074.289893	.85766
1075.254247	.85869
1076.218600	.85972
1077.182954	.86055
1078.147308	.86127
1079.111661	.86203
1080.076015	.86296
1081.040368	.86396
1082.004722	.8649
1082.969076	.86562
1083.933429	.86616
1084.897783	.86698
1085.862136	.86814
1086.826490	.86908
1087.790843	.8697
1088.755197	.87031
1089.719551	.87098
1090.683904	.87157
1091.648258	.87208
1092.612611	.87246
1093.576965	.87278
1094.541319	.87327
1095.505672	.87375
1096.470026	.8741
1097.434379	.87458
1098.398733	.87504
1099.363086	.87532
1100.327440	.87565
1101.291794	.8763
1102.256147	.87707
1103.220501	.87744
1104.184854	.87738
1105.149208	.87744
1106.113562	.87789
1107.077915	.87841
1108.042269	.87857
1109.006622	.8784
1109.970976	.87831
1110.935330	.87847
1111.899683	.87863
1112.864037	.87852
1113.828390	.87827
1114.792744	.87843
1115.757097	.87899
1116.721451	.87925
1117.685805	.87914
1118.650158	.87929
1119.614512	.87963
1120.578865	.87959
1121.543219	.87928
1122.507573	.87923
1123.471926	.87953
1124.436280	.87984
1125.400633	.87993
1126.364987	.87978
1127.329340	.87952
1128.293694	.87937
1129.258048	.87937
1130.222401	.87938
1131.186755	.8794
1132.151108	.87951
1133.115462	.87957
1134.079816	.87953
1135.044169	.87948
1136.008523	.87944
1136.972876	.87948
1137.937230	.87957
1138.901583	.87953
1139.865937	.87923
1140.830291	.87876
1141.794644	.87848
1142.758998	.87845
1143.723351	.87835
1144.687705	.87804
1145.652059	.87774
1146.616412	.87766
1147.580766	.87772
1148.545119	.87773
1149.509473	.87755
1150.473827	.8773
1151.438180	.87702
1152.402534	.87663
1153.366887	.87631
1154.331241	.87612
1155.295594	.87595
1156.259948	.87575
1157.224302	.87541
1158.188655	.87502
1159.153009	.87479
1160.117362	.87465
1161.081716	.87446
1162.046070	.87421
1163.010423	.87392
1163.974777	.8736
1164.939130	.87333
1165.903484	.87309
1166.867837	.87291
1167.832191	.87287
1168.796545	.87283
1169.760898	.87276
1170.725252	.87279
1171.689605	.87278
1172.653959	.87243
1173.618313	.87168
1174.582666	.8706
1175.547020	.86956
1176.511373	.86916
1177.475727	.86946
1178.440080	.86994
1179.404434	.87025
1180.368788	.87024
1181.333141	.86989
1182.297495	.86957
1183.261848	.86942
1184.226202	.86908
1185.190556	.86847
1186.154909	.86802
1187.119263	.86784
1188.083616	.86759
1189.047970	.86724
1190.012324	.8671
1190.976677	.86712
1191.941031	.86713
1192.905384	.86707
1193.869738	.86674
1194.834091	.86628
1195.798445	.86611
1196.762799	.86609
1197.727152	.86573
1198.691506	.86511
1199.655859	.86473
1200.620213	.86459
1201.584567	.86434
1202.548920	.86393
1203.513274	.86339
1204.477627	.86277
1205.441981	.86233
1206.406334	.86208
1207.370688	.86175
1208.335042	.86138
1209.299395	.86125
1210.263749	.86129
1211.228102	.86109
1212.192456	.86062
1213.156810	.8602
1214.121163	.85994
1215.085517	.85964
1216.049870	.85921
1217.014224	.85877
1217.978578	.85839
1218.942931	.85805
1219.907285	.85762
1220.871638	.85714
1221.835992	.85678
1222.800345	.85644
1223.764699	.85607
1224.729053	.85583
1225.693406	.85555
1226.657760	.85503
1227.622113	.85442
1228.586467	.85399
1229.550821	.85375
1230.515174	.85355
1231.479528	.85317
1232.443881	.85261
1233.408235	.85204
1234.372588	.8515
1235.336942	.8509
1236.301296	.8503
1237.265649	.84986
1238.230003	.84962
1239.194356	.84944
1240.158710	.84912
1241.123064	.8486
1242.087417	.84816
1243.051771	.84794
1244.016124	.84769
1244.980478	.84722
1245.944831	.84671
1246.909185	.84632
1247.873539	.846
1248.837892	.8456
1249.802246	.84515
1250.766599	.84478
1251.730953	.84462
1252.695307	.8445
1253.659660	.84405
1254.624014	.84332
1255.588367	.84271
1256.552721	.84227
1257.517075	.84185
1258.481428	.84152
1259.445782	.84143
1260.410135	.84118
1261.374489	.84049
1262.338842	.83976
1263.303196	.83921
1264.267550	.83869
1265.231903	.83812
1266.196257	.83773
1267.160610	.83758
1268.124964	.83741
1269.089318	.8371
1270.053671	.83682
1271.018025	.83666
1271.982378	.8363
1272.946732	.83552
1273.911085	.83468
1274.875439	.83417
1275.839793	.8339
1276.804146	.83362
1277.768500	.8332
1278.732853	.83274
1279.697207	.83239
1280.661561	.83209
1281.625914	.83173
1282.590268	.83124
1283.554621	.83066
1284.518975	.83013
1285.483328	.82956
1286.447682	.82895
1287.412036	.82848
1288.376389	.82803
1289.340743	.82734
1290.305096	.82646
1291.269450	.82556
1292.233804	.82472
1293.198157	.82387
1294.162511	.82304
1295.126864	.82245
1296.091218	.82203
1297.055572	.82143
1298.019925	.82075
1298.984279	.82035
1299.948632	.82028
1300.912986	.82025
1301.877339	.81998
1302.841693	.81943
1303.806047	.81889
1304.770400	.81872
1305.734754	.81879
1306.699107	.8188
1307.663461	.81879
1308.627815	.81884
1309.592168	.81875
1310.556522	.81868
1311.520875	.81912
1312.485229	.81996
1313.449582	.82051
1314.413936	.82059
1315.378290	.82065
1316.342643	.821
1317.306997	.82169
1318.271350	.82266
1319.235704	.82323
1320.200058	.82288
1321.164411	.82225
1322.128765	.82196
1323.093118	.8219
1324.057472	.82189
1325.021825	.82184
1325.986179	.82181
1326.950533	.82181
1327.914886	.82173
1328.879240	.82168
1329.843593	.82158
1330.807947	.82134
1331.772301	.82089
1332.736654	.82034
1333.701008	.8198
1334.665361	.81954
1335.629715	.81996
1336.594069	.82064
1337.558422	.82112
1338.522776	.82167
1339.487129	.82176
1340.451483	.81986
1341.415836	.81631
1342.380190	.81338
1343.344544	.81184
1344.308897	.81081
1345.273251	.80976
1346.237604	.80861
1347.201958	.80741
1348.166312	.80635
1349.130665	.80532
1350.095019	.80409
1351.059372	.80299
1352.023726	.80243
1352.988079	.80241
1353.952433	.8027
1354.916787	.80285
1355.881140	.80268
1356.845494	.80246
1357.809847	.80208
1358.774201	.80158
1359.738555	.80201
1360.702908	.80331
1361.667262	.80455
1362.631615	.80494
1363.595969	.80217
1364.560323	.79672
1365.524676	.79255
1366.489030	.79073
1367.453383	.79053
1368.417737	.79108
1369.382090	.79103
1370.346444	.79097
1371.310798	.79248
1372.275151	.79624
1373.239505	.80122
1374.203858	.80366
1375.168212	.80145
1376.132566	.79753
1377.096919	.79533
1378.061273	.79533
1379.025626	.79657
1379.989980	.79865
1380.954333	.80122
1381.918687	.80371
1382.883041	.80569
1383.847394	.80719
1384.811748	.809
1385.776101	.81276
1386.740455	.81832
1387.704809	.81993
1388.669162	.81547
1389.633516	.81126
1390.597869	.81001
1391.562223	.8098
1392.526576	.81146
1393.490930	.81725
1394.455284	.82291
1395.419637	.82139
1396.383991	.81619
1397.348344	.81481
1398.312698	.8176
1399.277052	.81815
1400.241405	.81316
1401.205759	.80802
1402.170112	.80619
1403.134466	.80707
1404.098820	.80986
1405.063173	.81094
1406.027527	.80793
1406.991880	.80441
1407.956234	.8029
1408.920587	.80246
1409.884941	.80209
1410.849295	.80157
1411.813648	.80085
1412.778002	.79983
1413.742355	.79892
1414.706709	.79882
1415.671063	.80007
1416.635416	.8028
1417.599770	.80871
1418.564123	.81832
1419.528477	.82014
1420.492830	.80764
1421.457184	.79646
1422.421538	.79416
1423.385891	.79536
1424.350245	.79372
1425.314598	.78877
1426.278952	.78421
1427.243306	.7814
1428.207659	.78054
1429.172013	.78102
1430.136366	.77871
1431.100720	.77238
1432.065073	.76634
1433.029427	.76241
1433.993781	.76005
1434.958134	.76307
1435.922488	.77303
1436.886841	.77547
1437.851195	.76182
1438.815549	.74887
1439.779902	.74365
1440.744256	.74148
1441.708609	.73976
1442.672963	.73829
1443.637317	.73702
1444.601670	.73603
1445.566024	.73573
1446.530377	.7376
1447.494731	.7399
1448.459084	.73694
1449.423438	.72935
1450.387792	.72312
1451.352145	.71842
1452.316499	.71152
1453.280852	.70217
1454.245206	.69439
1455.209560	.6936
1456.173913	.69847
1457.138267	.69203
1458.102620	.66372
1459.066974	.61999
1460.031327	.55631
1460.995681	.47315
1461.960035	.40283
1462.924388	.39106
1463.888742	.43871
1464.853095	.50053
1465.817449	.53518
1466.781803	.54634
1467.746156	.5529
1468.710510	.55979
1469.674863	.56269
1470.639217	.5496
1471.603571	.50292
1472.567924	.44171
1473.532278	.44199
1474.496631	.52118
1475.460985	.62248
1476.425338	.70062
1477.389692	.74032
1478.354046	.75779
1479.318399	.76999
1480.282753	.7801
1481.247106	.78725
1482.211460	.79085
1483.175814	.79289
1484.140167	.79545
1485.104521	.79943
1486.068874	.80604
1487.033228	.81304
1487.997581	.817
1488.961935	.82142
1489.926289	.82668
1490.890642	.82412
1491.854996	.81527
1492.819349	.80986
1493.783703	.8105
1494.748057	.81789
1495.712410	.82944
1496.676764	.83356
1497.641117	.83087
1498.605471	.82976
1499.569824	.82598
1500.534178	.82044
1501.498532	.81874
1502.462885	.81925
1503.427239	.82268
1504.391592	.83571
1505.355946	.86075
1506.320300	.88191
1507.284653	.87713
1508.249007	.85851
1509.213360	.8441
1510.177714	.83616
1511.142068	.83412
1512.106421	.83506
1513.070775	.83334
1514.035128	.83184
1514.999482	.83591
1515.963835	.84482
1516.928189	.85182
1517.892543	.84842
1518.856896	.84425
1519.821250	.85332
1520.785603	.86911
1521.749957	.87109
1522.714311	.85806
1523.678664	.84771
1524.643018	.84756
1525.607371	.84987
1526.571725	.84711
1527.536078	.84346
1528.500432	.83993
1529.464786	.83524
1530.429139	.83352
1531.393493	.8374
1532.357846	.84686
1533.322200	.85541
1534.286554	.85111
1535.250907	.83924
1536.215261	.83351
1537.179614	.8393
1538.143968	.85858
1539.108321	.88266
1540.072675	.88762
1541.037029	.87884
1542.001382	.87048
1542.965736	.8596
1543.930089	.85245
1544.894443	.85112
1545.858797	.84573
1546.823150	.83749
1547.787504	.83525
1548.751857	.83992
1549.716211	.84517
1550.680565	.84408
1551.644918	.84005
1552.609272	.84288
1553.573625	.85361
1554.537979	.85904
1555.502332	.8551
1556.466686	.86137
1557.431040	.88697
1558.395393	.91416
1559.359747	.91657
1560.324100	.89152
1561.288454	.861
1562.252808	.84415
1563.217161	.84113
1564.181515	.84423
1565.145868	.84496
1566.110222	.84142
1567.074575	.84001
1568.038929	.84642
1569.003283	.85746
1569.967636	.85875
1570.931990	.84756
1571.896343	.83845
1572.860697	.83597
1573.825051	.83842
1574.789404	.8491
1575.753758	.86428
1576.718111	.86282
1577.682465	.84707
1578.646819	.83722
1579.611172	.83477
1580.575526	.83463
1581.539879	.8349
1582.504233	.83532
1583.468586	.83577
1584.432940	.83617
1585.397294	.83656
1586.361647	.83697
1587.326001	.83748
1588.290354	.83817
1589.254708	.83894
1590.219062	.83948
1591.183415	.83962
1592.147769	.83973
1593.112122	.8404
1594.076476	.84147
1595.040829	.84176
1596.005183	.84102
1596.969537	.84019
1597.933890	.83997
1598.898244	.84031
1599.862597	.84091
1600.826951	.8416
1601.791305	.84218
1602.755658	.84247
1603.720012	.84217
1604.684365	.84167
1605.648719	.84196
1606.613072	.84292
1607.577426	.84372
1608.541780	.84444
1609.506133	.84472
1610.470487	.84375
1611.434840	.84247
1612.399194	.84196
1613.363548	.8423
1614.327901	.84542
1615.292255	.85612
1616.256608	.87097
1617.220962	.86971
1618.185316	.8545
1619.149669	.84527
1620.114023	.84352
1621.078376	.84528
1622.042730	.85161
1623.007083	.85991
1623.971437	.85924
1624.935791	.85045
1625.900144	.84627
1626.864498	.84952
1627.828851	.85237
1628.793205	.84907
1629.757559	.84449
1630.721912	.843
1631.686266	.84322
1632.650619	.84521
1633.614973	.85444
1634.579326	.87384
1635.543680	.88583
1636.508034	.87461
1637.472387	.85921
1638.436741	.84978
1639.401094	.84441
1640.365448	.84217
1641.329802	.8417
1642.294155	.8419
1643.258509	.84324
1644.222862	.84965
1645.187216	.86401
1646.151569	.87724
1647.115923	.87723
1648.080277	.86793
1649.044630	.85712
1650.008984	.85239
1650.973337	.86292
1651.937691	.89427
1652.902045	.92624
1653.866398	.91297
1654.830752	.87932
1655.795105	.85746
1656.759459	.84849
1657.723813	.84624
1658.688166	.84579
1659.652520	.84611
1660.616873	.84865
1661.581227	.85562
1662.545580	.86216
1663.509934	.85894
1664.474288	.85067
1665.438641	.84649
1666.402995	.84703
1667.367348	.85291
1668.331702	.86515
1669.296056	.87349
1670.260409	.8694
1671.224763	.86193
1672.189116	.85599
1673.153470	.85407
1674.117823	.8628
1675.082177	.87396
1676.046531	.86774
1677.010884	.85368
1677.975238	.84817
1678.939591	.85022
1679.903945	.85331
1680.868299	.85446
1681.832652	.85936
1682.797006	.87546
1683.761359	.89679
1684.725713	.89778
1685.690067	.87463
1686.654420	.85677
1687.618774	.85195
1688.583127	.85224
1689.547481	.85179
1690.511834	.84953
1691.476188	.84631
1692.440542	.84438
1693.404895	.8468
1694.369249	.8587
1695.333602	.87684
1696.297956	.87755
1697.262310	.86211
1698.226663	.8598
1699.191017	.88142
1700.155370	.90643
1701.119724	.8905
1702.084077	.86111
1703.048431	.85081
1704.012785	.85375
1704.977138	.85755
1705.941492	.85757
1706.905845	.85255
1707.870199	.8448
1708.834553	.84061
1709.798906	.84033
1710.763260	.83951
1711.727613	.83809
1712.691967	.83988
1713.656320	.84697
1714.620674	.85513
1715.585028	.85979
1716.549381	.86695
1717.513735	.87689
1718.478088	.87314
1719.442442	.85707
1720.406796	.84543
1721.371149	.84202
1722.335503	.84273
1723.299856	.84379
1724.264210	.84329
1725.228564	.84198
1726.192917	.84129
1727.157271	.84134
1728.121624	.84282
1729.085978	.84657
1730.050331	.84909
1731.014685	.84853
1731.979039	.85304
1732.943392	.86954
1733.907746	.88576
1734.872099	.87652
1735.836453	.85455
1736.800807	.84257
1737.765160	.84201
1738.729514	.84887
1739.693867	.85481
1740.658221	.8504
1741.622574	.84381
1742.586928	.84383
1743.551282	.84519
1744.515635	.84357
1745.479989	.84296
1746.444342	.84556
1747.408696	.84983
1748.373050	.85307
1749.337403	.8547
1750.301757	.8584
1751.266110	.86044
1752.230464	.85299
1753.194817	.8438
1754.159171	.8406
1755.123525	.84274
1756.087878	.84783
1757.052232	.84962
1758.016585	.84556
1758.980939	.8418
1759.945293	.8433
1760.909646	.85015
1761.874000	.85422
1762.838353	.84881
1763.802707	.84179
1764.767061	.83925
1765.731414	.83966
1766.695768	.84346
1767.660121	.84941
1768.624475	.85014
1769.588828	.84773
1770.553182	.85231
1771.517536	.86328
1772.481889	.86731
1773.446243	.85755
1774.410596	.84691
1775.374950	.84306
1776.339304	.84122
1777.303657	.83894
1778.268011	.83839
1779.232364	.84027
1780.196718	.84266
1781.161071	.84204
1782.125425	.83906
1783.089779	.83827
1784.054132	.84079
1785.018486	.84214
1785.982839	.83941
1786.947193	.83642
1787.911547	.83574
1788.875900	.83683
1789.840254	.84037
1790.804607	.84691
1791.768961	.85437
1792.733315	.8553
1793.697668	.84689
1794.662022	.83945
1795.626375	.83771
1796.590729	.83703
1797.555082	.83628
1798.519436	.83838
1799.483790	.84149
1800.448143	.84178
1801.412497	.84048
1802.376850	.83871
1803.341204	.83573
1804.305558	.83337
1805.269911	.83279
1806.234265	.83305
1807.198618	.83338
1808.162972	.83343
1809.127325	.83428
1810.091679	.83625
1811.056033	.83657
1812.020386	.83434
1812.984740	.83203
1813.949093	.83078
1814.913447	.83028
1815.877801	.83035
1816.842154	.83057
1817.806508	.83031
1818.770861	.82948
1819.735215	.82884
1820.699568	.82874
1821.663922	.82909
1822.628276	.83006
1823.592629	.83307
1824.556983	.83791
1825.521336	.8389
1826.485690	.83467
1827.450044	.83254
1828.414397	.8367
1829.378751	.84305
1830.343104	.84292
1831.307458	.8363
1832.271812	.83144
1833.236165	.83021
1834.200519	.82984
1835.164872	.82976
1836.129226	.8304
1837.093579	.83084
1838.057933	.83027
1839.022287	.82945
1839.986640	.82928
1840.950994	.82989
1841.915347	.83221
1842.879701	.83922
1843.844055	.84791
1844.808408	.84632
1845.772762	.8369
1846.737115	.83189
1847.701469	.83131
1848.665822	.83033
1849.630176	.82886
1850.594530	.82816
1851.558883	.8279
1852.523237	.82765
1853.487590	.82749
1854.451944	.82736
1855.416298	.82708
1856.380651	.82684
1857.345005	.82695
1858.309358	.82722
1859.273712	.82722
1860.238065	.82693
1861.202419	.82661
1862.166773	.8264
1863.131126	.82622
1864.095480	.82617
1865.059833	.82684
1866.024187	.82881
1866.988541	.83208
1867.952894	.83622
1868.917248	.83856
1869.881601	.83543
1870.845955	.8295
1871.810309	.82596
1872.774662	.82496
1873.739016	.8246
1874.703369	.82432
1875.667723	.82414
1876.632076	.82405
1877.596430	.82395
1878.560784	.82388
1879.525137	.82378
1880.489491	.82353
1881.453844	.82328
1882.418198	.82322
1883.382552	.82335
1884.346905	.82346
1885.311259	.82322
1886.275612	.82271
1887.239966	.82278
1888.204319	.82458
1889.168673	.82683
1890.133027	.82603
1891.097380	.82271
1892.061734	.82037
1893.026087	.8199
1893.990441	.82057
1894.954795	.82123
1895.919148	.82064
1896.883502	.81942
1897.847855	.81885
1898.812209	.81885
1899.776562	.81888
1900.740916	.81887
1901.705270	.81897
1902.669623	.81918
1903.633977	.81943
1904.598330	.81959
1905.562684	.81969
1906.527038	.81996
1907.491391	.82035
1908.455745	.82085
1909.420098	.82148
1910.384452	.82141
1911.348806	.82037
1912.313159	.81952
1913.277513	.81933
1914.241866	.81944
1915.206220	.81979
1916.170573	.82163
1917.134927	.82567
1918.099281	.82775
1919.063634	.82476
1920.027988	.82121
1920.992341	.82082
1921.956695	.82248
1922.921049	.82334
1923.885402	.82196
1924.849756	.82009
1925.814109	.81937
1926.778463	.81927
1927.742816	.81909
1928.707170	.81893
1929.671524	.81892
1930.635877	.81886
1931.600231	.81882
1932.564584	.819
1933.528938	.81912
1934.493292	.81898
1935.457645	.8188
1936.421999	.81875
1937.386352	.81868
1938.350706	.81863
1939.315060	.81879
1940.279413	.81954
1941.243767	.82164
1942.208120	.82379
1943.172474	.8231
1944.136827	.82066
1945.101181	.81951
1946.065535	.81931
1947.029888	.81879
1947.994242	.81824
1948.958595	.8181
1949.922949	.81814
1950.887303	.81803
1951.851656	.81798
1952.816010	.81813
1953.780363	.81826
1954.744717	.81824
1955.709070	.81813
1956.673424	.81794
1957.637778	.8177
1958.602131	.81757
1959.566485	.81761
1960.530838	.8178
1961.495192	.818
1962.459546	.81795
1963.423899	.81777
1964.388253	.81783
1965.352606	.81849
1966.316960	.81955
1967.281313	.82001
1968.245667	.81928
1969.210021	.81837
1970.174374	.81809
1971.138728	.81803
1972.103081	.81787
1973.067435	.81776
1974.031789	.81775
1974.996142	.81777
1975.960496	.81772
1976.924849	.81758
1977.889203	.81754
1978.853557	.81754
1979.817910	.81736
1980.782264	.81717
1981.746617	.81727
1982.710971	.81752
1983.675324	.81754
1984.639678	.8174
1985.604032	.81742
1986.568385	.81767
1987.532739	.818
1988.497092	.81806
1989.461446	.8179
1990.425800	.81845
1991.390153	.81969
1992.354507	.81979
1993.318860	.8184
1994.283214	.81715
1995.247567	.8167
1996.211921	.81669
1997.176275	.8167
1998.140628	.8166
1999.104982	.81647
2000.069335	.8162
2001.033689	.8158
2001.998043	.81557
2002.962396	.81558
2003.926750	.81562
2004.891103	.81549
2005.855457	.81509
2006.819810	.81455
2007.784164	.81414
2008.748518	.81384
2009.712871	.81339
2010.677225	.81273
2011.641578	.81196
2012.605932	.81114
2013.570286	.81025
2014.534639	.80956
2015.498993	.80942
2016.463346	.80956
2017.427700	.8093
2018.392054	.80869
2019.356407	.80821
2020.320761	.80809
2021.285114	.80843
2022.249468	.8089
2023.213821	.80904
2024.178175	.809
2025.142529	.8093
2026.106882	.80996
2027.071236	.81042
2028.035589	.81053
2028.999943	.81067
2029.964297	.81102
2030.928650	.8114
2031.893004	.81168
2032.857357	.81191
2033.821711	.81208
2034.786064	.81214
2035.750418	.81224
2036.714772	.81245
2037.679125	.81259
2038.643479	.81267
2039.607832	.8129
2040.572186	.81328
2041.536540	.81354
2042.500893	.81352
2043.465247	.81346
2044.429600	.81359
2045.393954	.81372
2046.358308	.81367
2047.322661	.81366
2048.287015	.81391
2049.251368	.81416
2050.215722	.81416
2051.180075	.81408
2052.144429	.81414
2053.108783	.81422
2054.073136	.81409
2055.037490	.81388
2056.001843	.81405
2056.966197	.81442
2057.930551	.8145
2058.894904	.81433
2059.859258	.81432
2060.823611	.81447
2061.787965	.81453
2062.752318	.81461
2063.716672	.8149
2064.681026	.81517
2065.645379	.81503
2066.609733	.81481
2067.574086	.81483
2068.538440	.81475
2069.502794	.81457
2070.467147	.81464
2071.431501	.81487
2072.395854	.81498
2073.360208	.81486
2074.324561	.81473
2075.288915	.81477
2076.253269	.81486
2077.217622	.81487
2078.181976	.8149
2079.146329	.81504
2080.110683	.81511
2081.075037	.81512
2082.039390	.81524
2083.003744	.81527
2083.968097	.81515
2084.932451	.81504
2085.896805	.81499
2086.861158	.81501
2087.825512	.81523
2088.789865	.81557
2089.754219	.81567
2090.718572	.81534
2091.682926	.81491
2092.647280	.8148
2093.611633	.81496
2094.575987	.81518
2095.540340	.81531
2096.504694	.8153
2097.469048	.81527
2098.433401	.81529
2099.397755	.81529
2100.362108	.81526
2101.326462	.81527
2102.290815	.81518
2103.255169	.81496
2104.219523	.81483
2105.183876	.8149
2106.148230	.81499
2107.112583	.81503
2108.076937	.81505
2109.041291	.815
2110.005644	.81491
2110.969998	.81487
2111.934351	.81486
2112.898705	.81484
2113.863058	.81488
2114.827412	.81499
2115.791766	.81498
2116.756119	.81485
2117.720473	.81478
2118.684826	.81481
2119.649180	.81485
2120.613534	.81478
2121.577887	.81455
2122.542241	.81441
2123.506594	.81449
2124.470948	.81459
2125.435302	.81459
2126.399655	.81452
2127.364009	.81441
2128.328362	.81434
2129.292716	.81434
2130.257069	.81432
2131.221423	.81427
2132.185777	.81419
2133.150130	.81403
2134.114484	.81383
2135.078837	.81373
2136.043191	.81374
2137.007545	.81374
2137.971898	.81359
2138.936252	.8134
2139.900605	.81336
2140.864959	.81339
2141.829312	.81326
2142.793666	.81302
2143.758020	.81296
2144.722373	.81307
2145.686727	.81308
2146.651080	.81299
2147.615434	.8129
2148.579788	.81277
2149.544141	.81265
2150.508495	.81269
2151.472848	.81282
2152.437202	.81286
2153.401556	.81282
2154.365909	.81279
2155.330263	.81284
2156.294616	.813
2157.258970	.81322
2158.223323	.81327
2159.187677	.81309
2160.152031	.81296
2161.116384	.81307
2162.080738	.8132
2163.045091	.81317
2164.009445	.81304
2164.973799	.81301
2165.938152	.81316
2166.902506	.81332
2167.866859	.8134
2168.831213	.81339
2169.795566	.81326
2170.759920	.81315
2171.724274	.81317
2172.688627	.81321
2173.652981	.81326
2174.617334	.81334
2175.581688	.8134
2176.546042	.81335
2177.510395	.81319
2178.474749	.81307
2179.439102	.81304
2180.403456	.813
2181.367809	.81293
2182.332163	.81282
2183.296517	.8127
2184.260870	.81272
2185.225224	.8128
2186.189577	.81291
2187.153931	.81304
2188.118285	.81294
2189.082638	.81261
2190.046992	.81248
2191.011345	.81266
2191.975699	.8128
2192.940053	.81277
2193.904406	.81276
2194.868760	.81281
2195.833113	.81273
2196.797467	.81251
2197.761820	.81239
2198.726174	.81244
2199.690528	.81249
2200.654881	.81235
2201.619235	.81204
2202.583588	.81185
2203.547942	.81197
2204.512296	.81212
2205.476649	.81208
2206.441003	.812
2207.405356	.81195
2208.369710	.81188
2209.334063	.81187
2210.298417	.81199
2211.262771	.81206
2212.227124	.81194
2213.191478	.81177
2214.155831	.81169
2215.120185	.81159
2216.084539	.81143
2217.048892	.8114
2218.013246	.81141
2218.977599	.81112
2219.941953	.81066
2220.906306	.81044
2221.870660	.81055
2222.835014	.81076
2223.799367	.81091
2224.763721	.81097
2225.728074	.81092
2226.692428	.81084
2227.656782	.81091
2228.621135	.81112
2229.585489	.81123
2230.549842	.81118
2231.514196	.81105
2232.478550	.81081
2233.442903	.81046
2234.407257	.81025
2235.371610	.81029
2236.335964	.81022
2237.300317	.80981
2238.264671	.80943
2239.229025	.8092
2240.193378	.80883
2241.157732	.8084
2242.122085	.8082
2243.086439	.80827
2244.050793	.80838
2245.015146	.80838
2245.979500	.8084
2246.943853	.80852
2247.908207	.8086
2248.872560	.80862
2249.836914	.80869
2250.801268	.80894
2251.765621	.80924
2252.729975	.80925
2253.694328	.80908
2254.658682	.80902
2255.623036	.80907
2256.587389	.80909
2257.551743	.80903
2258.516096	.80895
2259.480450	.8089
2260.444804	.80888
2261.409157	.80891
2262.373511	.80901
2263.337864	.80907
2264.302218	.80896
2265.266571	.80874
2266.230925	.80859
2267.195279	.80855
2268.159632	.80845
2269.123986	.80822
2270.088339	.80803
2271.052693	.8079
2272.017047	.80771
2272.981400	.80739
2273.945754	.80712
2274.910107	.80707
2275.874461	.80704
2276.838814	.80698
2277.803168	.80697
2278.767522	.80682
2279.731875	.80644
2280.696229	.80608
2281.660582	.80593
2282.624936	.80592
2283.589290	.80593
2284.553643	.80591
2285.517997	.80597
2286.482350	.80619
2287.446704	.80646
2288.411057	.80672
2289.375411	.80688
2290.339765	.80716
2291.304118	.80768
2292.268472	.80814
2293.232825	.80838
2294.197179	.80856
2295.161533	.80884
2296.125886	.80917
2297.090240	.80959
2298.054593	.81002
2299.018947	.81036
2299.983301	.81077
2300.947654	.81119
2301.912008	.81157
2302.876361	.81214
2303.840715	.81286
2304.805068	.81355
2305.769422	.81433
2306.733776	.8153
2307.698129	.81632
2308.662483	.81742
2309.626836	.81847
2310.591190	.81932
2311.555544	.82003
2312.519897	.82074
2313.484251	.82132
2314.448604	.8215
2315.412958	.82185
2316.377311	.82283
2317.341665	.82433
2318.306019	.82637
2319.270372	.82866
2320.234726	.8309
2321.199079	.83272
2322.163433	.83378
2323.127787	.83433
2324.092140	.83465
2325.056494	.83486
2326.020847	.83543
2326.985201	.83661
2327.949554	.838
2328.913908	.83937
2329.878262	.84075
2330.842615	.84193
2331.806969	.84263
2332.771322	.84273
2333.735676	.84254
2334.700030	.8429
2335.664383	.84416
2336.628737	.84499
2337.593090	.84481
2338.557444	.84488
2339.521798	.84545
2340.486151	.84587
2341.450505	.84617
2342.414858	.84636
2343.379212	.84596
2344.343565	.84475
2345.307919	.84199
2346.272273	.83703
2347.236626	.8309
2348.200980	.82661
2349.165333	.82689
2350.129687	.83145
2351.094041	.83761
2352.058394	.84328
2353.022748	.84824
2353.987101	.85282
2354.951455	.85704
2355.915808	.86071
2356.880162	.86412
2357.844516	.86738
2358.808869	.86952
2359.773223	.86959
2360.737576	.86869
2361.701930	.86806
2362.666284	.86715
2363.630637	.86527
2364.594991	.863
2365.559344	.86097
2366.523698	.85854
2367.488052	.85509
2368.452405	.85112
2369.416759	.8472
2370.381112	.84351
2371.345466	.84004
2372.309819	.83659
2373.274173	.83324
2374.238527	.82997
2375.202880	.82649
2376.167234	.82306
2377.131587	.82001
2378.095941	.81708
2379.060295	.81405
2380.024648	.81115
2380.989002	.80849
2381.953355	.80598
2382.917709	.80383
2383.882062	.80224
2384.846416	.80102
2385.810770	.80004
2386.775123	.79935
2387.739477	.7989
2388.703830	.79861
2389.668184	.79841
2390.632538	.79821
2391.596891	.79807
2392.561245	.79796
2393.525598	.79774
2394.489952	.79749
2395.454305	.79741
2396.418659	.79749
2397.383013	.79753
2398.347366	.79743
2399.311720	.79723
2400.276073	.79696
2401.240427	.79675
2402.204781	.79669
2403.169134	.79659
2404.133488	.79635
2405.097841	.79618
2406.062195	.7962
2407.026549	.79625
2407.990902	.7962
2408.955256	.79608
2409.919609	.79596
2410.883963	.79579
2411.848316	.79559
2412.812670	.79533
2413.777024	.79508
2414.741377	.79489
2415.705731	.79478
2416.670084	.79475
2417.634438	.79462
2418.598792	.79442
2419.563145	.79443
2420.527499	.79468
2421.491852	.79489
2422.456206	.79496
2423.420559	.79487
2424.384913	.7947
2425.349267	.79474
2426.313620	.79503
2427.277974	.79522
2428.242327	.79515
2429.206681	.7949
2430.171035	.79471
2431.135388	.79477
2432.099742	.7949
2433.064095	.79484
2434.028449	.79471
2434.992802	.79476
2435.957156	.79476
2436.921510	.79457
2437.885863	.79452
2438.850217	.79463
2439.814570	.79463
2440.778924	.79457
2441.743278	.79459
2442.707631	.79465
2443.671985	.79474
2444.636338	.79478
2445.600692	.79463
2446.565046	.79441
2447.529399	.79431
2448.493753	.7942
2449.458106	.79403
2450.422460	.79393
2451.386813	.79391
2452.351167	.79392
2453.315521	.79392
2454.279874	.79384
2455.244228	.79374
2456.208581	.79365
2457.172935	.79346
2458.137289	.79327
2459.101642	.79322
2460.065996	.79319
2461.030349	.79305
2461.994703	.79288
2462.959056	.79276
2463.923410	.79268
2464.887764	.79261
2465.852117	.79243
2466.816471	.79217
2467.780824	.79192
2468.745178	.79157
2469.709532	.79113
2470.673885	.79076
2471.638239	.79055
2472.602592	.7905
2473.566946	.79053
2474.531300	.79048
2475.495653	.79028
2476.460007	.79009
2477.424360	.79011
2478.388714	.7903
2479.353067	.79039
2480.317421	.79027
2481.281775	.79012
2482.246128	.79009
2483.210482	.79015
2484.174835	.79004
2485.139189	.78977
2486.103543	.78964
2487.067896	.7896
2488.032250	.78935
2488.996603	.78906
2489.960957	.78904
2490.925310	.78912
2491.889664	.78902
2492.854018	.78882
2493.818371	.78864
2494.782725	.78844
2495.747078	.78826
2496.711432	.78811
2497.675786	.78795
2498.640139	.78782
2499.604493	.78784
2500.568846	.78794
2501.533200	.78797
2502.497553	.78788
2503.461907	.78765
2504.426261	.78742
2505.390614	.78729
2506.354968	.78716
2507.319321	.78704
2508.283675	.78685
2509.248029	.78654
2510.212382	.78621
2511.176736	.78598
2512.141089	.78592
2513.105443	.78589
2514.069797	.78568
2515.034150	.78547
2515.998504	.7854
2516.962857	.78517
2517.927211	.78469
2518.891564	.78425
2519.855918	.78392
2520.820272	.78355
2521.784625	.78308
2522.748979	.78261
2523.713332	.78224
2524.677686	.78196
2525.642040	.78168
2526.606393	.78158
2527.570747	.78168
2528.535100	.78171
2529.499454	.78167
2530.463807	.78179
2531.428161	.78216
2532.392515	.7825
2533.356868	.78256
2534.321222	.78245
2535.285575	.78236
2536.249929	.78251
2537.214283	.78289
2538.178636	.78323
2539.142990	.78331
2540.107343	.78317
2541.071697	.7829
2542.036050	.78254
2543.000404	.7823
2543.964758	.78218
2544.929111	.78192
2545.893465	.78149
2546.857818	.78113
2547.822172	.7809
2548.786526	.78067
2549.750879	.78052
2550.715233	.78061
2551.679586	.78073
2552.643940	.78069
2553.608294	.78058
2554.572647	.78046
2555.537001	.7803
2556.501354	.7801
2557.465708	.77988
2558.430061	.77969
2559.394415	.7796
2560.358769	.77962
2561.323122	.77967
2562.287476	.7796
2563.251829	.7794
2564.216183	.77917
2565.180537	.77888
2566.144890	.77857
2567.109244	.77845
2568.073597	.77852
2569.037951	.77846
2570.002304	.7782
2570.966658	.77798
2571.931012	.77775
2572.895365	.77751
2573.859719	.77747
2574.824072	.77748
2575.788426	.77719
2576.752780	.77666
2577.717133	.77616
2578.681487	.77581
2579.645840	.77552
2580.610194	.77524
2581.574547	.77509
2582.538901	.775
2583.503255	.77479
2584.467608	.77447
2585.431962	.7742
2586.396315	.77397
2587.360669	.77368
2588.325023	.77337
2589.289376	.77308
2590.253730	.77267
2591.218083	.77214
2592.182437	.77178
2593.146791	.77174
2594.111144	.77168
2595.075498	.77123
2596.039851	.77059
2597.004205	.77018
2597.968558	.76996
2598.932912	.76975
2599.897266	.76957
2600.861619	.7694
2601.825973	.76918
2602.790326	.76889
2603.754680	.76851
2604.719034	.76817
2605.683387	.7679
2606.647741	.76761
2607.612094	.76723
2608.576448	.76678
2609.540801	.76636
2610.505155	.76605
2611.469509	.76571
2612.433862	.76525
2613.398216	.76474
2614.362569	.76418
2615.326923	.76361
2616.291277	.76311
2617.255630	.76263
2618.219984	.7622
2619.184337	.76187
2620.148691	.7614
2621.113045	.76079
2622.077398	.76024
2623.041752	.75972
2624.006105	.75919
2624.970459	.75854
2625.934812	.75788
2626.899166	.75743
2627.863520	.75701
2628.827873	.75637
2629.792227	.75564
2630.756580	.75508
2631.720934	.75472
2632.685288	.75445
2633.649641	.75423
2634.613995	.75398
2635.578348	.7538
2636.542702	.75384
2637.507055	.75398
2638.471409	.75401
2639.435763	.75401
2640.400116	.75414
2641.364470	.75437
2642.328823	.75447
2643.293177	.75441
2644.257531	.75437
2645.221884	.75445
2646.186238	.75455
2647.150591	.75455
2648.114945	.75443
2649.079298	.75415
2650.043652	.75387
2651.008006	.75371
2651.972359	.7536
2652.936713	.75333
2653.901066	.75287
2654.865420	.75255
2655.829774	.75265
2656.794127	.75291
2657.758481	.7528
2658.722834	.75229
2659.687188	.75192
2660.651542	.75193
2661.615895	.75205
2662.580249	.75216
2663.544602	.75218
2664.508956	.75204
2665.473309	.75211
2666.437663	.75247
2667.402017	.75267
2668.366370	.75272
2669.330724	.7529
2670.295077	.75311
2671.259431	.75318
2672.223785	.75338
2673.188138	.75391
2674.152492	.75443
2675.116845	.7546
2676.081199	.75455
2677.045552	.75456
2678.009906	.75479
2678.974260	.75512
2679.938613	.75528
2680.902967	.75529
2681.867320	.7553
2682.831674	.75534
2683.796028	.75534
2684.760381	.75532
2685.724735	.75528
2686.689088	.75526
2687.653442	.75537
2688.617795	.7556
2689.582149	.7558
2690.546503	.75582
2691.510856	.7557
2692.475210	.75562
2693.439563	.75556
2694.403917	.75541
2695.368271	.75522
2696.332624	.75505
2697.296978	.75496
2698.261331	.75489
2699.225685	.75484
2700.190039	.75482
2701.154392	.75469
2702.118746	.7543
2703.083099	.7538
2704.047453	.75343
2705.011806	.75316
2705.976160	.75289
2706.940514	.75266
2707.904867	.75246
2708.869221	.75221
2709.833574	.7519
2710.797928	.75172
2711.762282	.75177
2712.726635	.75178
2713.690989	.75161
2714.655342	.75136
2715.619696	.75105
2716.584049	.75073
2717.548403	.75048
2718.512757	.75014
2719.477110	.74972
2720.441464	.74933
2721.405817	.74895
2722.370171	.74853
2723.334525	.74812
2724.298878	.74774
2725.263232	.74744
2726.227585	.74715
2727.191939	.74676
2728.156293	.74639
2729.120646	.74606
2730.085000	.74565
2731.049353	.74523
2732.013707	.74491
2732.978060	.74458
2733.942414	.74418
2734.906768	.74384
2735.871121	.74356
2736.835475	.74321
2737.799828	.74291
2738.764182	.7428
2739.728536	.7428
2740.692889	.74276
2741.657243	.74264
2742.621596	.74254
2743.585950	.7425
2744.550303	.74232
2745.514657	.74213
2746.479011	.74219
2747.443364	.74232
2748.407718	.74218
2749.372071	.74185
2750.336425	.74151
2751.300779	.74121
2752.265132	.74094
2753.229486	.74068
2754.193839	.74034
2755.158193	.73997
2756.122546	.73964
2757.086900	.73923
2758.051254	.73868
2759.015607	.73813
2759.979961	.73763
2760.944314	.73717
2761.908668	.73673
2762.873022	.73619
2763.837375	.73566
2764.801729	.73521
2765.766082	.73467
2766.730436	.73391
2767.694790	.7331
2768.659143	.73242
2769.623497	.73181
2770.587850	.73118
2771.552204	.73053
2772.516557	.72972
2773.480911	.72882
2774.445265	.72803
2775.409618	.72723
2776.373972	.7262
2777.338325	.72503
2778.302679	.72396
2779.267033	.72304
2780.231386	.7221
2781.195740	.72099
2782.160093	.71965
2783.124447	.71832
2784.088800	.71709
2785.053154	.71565
2786.017508	.71393
2786.981861	.71224
2787.946215	.71073
2788.910568	.70923
2789.874922	.70762
2790.839276	.70591
2791.803629	.70416
2792.767983	.70247
2793.732336	.7007
2794.696690	.69885
2795.661043	.69708
2796.625397	.69526
2797.589751	.69328
2798.554104	.69141
2799.518458	.68973
2800.482811	.68806
2801.447165	.68621
2802.411519	.68424
2803.375872	.68243
2804.340226	.68063
2805.304579	.6785
2806.268933	.67616
2807.233287	.67381
2808.197640	.67152
2809.161994	.66928
2810.126347	.6669
2811.090701	.66432
2812.055054	.66161
2813.019408	.65876
2813.983762	.65575
2814.948115	.65266
2815.912469	.64941
2816.876822	.64582
2817.841176	.64203
2818.805530	.63816
2819.769883	.63399
2820.734237	.62943
2821.698590	.62467
2822.662944	.61985
2823.627297	.61473
2824.591651	.6089
2825.556005	.60225
2826.520358	.59504
2827.484712	.58744
2828.449065	.57946
2829.413419	.57093
2830.377773	.56158
2831.342126	.55137
2832.306480	.54034
2833.270833	.52806
2834.235187	.51395
2835.199541	.49767
2836.163894	.47891
2837.128248	.45716
2838.092601	.43168
2839.056955	.402
2840.021308	.36771
2840.985662	.32791
2841.950016	.28249
2842.914369	.23302
2843.878723	.18234
2844.843076	.13392
2845.807430	.091633
2846.771784	.059034
2847.736137	.037803
2848.700491	.026896
2849.664844	.023569
2850.629198	.025304
2851.593551	.030825
2852.557905	.040214
2853.522259	.054114
2854.486612	.07301
2855.450966	.097123
2856.415319	.12648
2857.379673	.16045
2858.344027	.19743
2859.308380	.23547
2860.272734	.27276
2861.237087	.30797
2862.201441	.34013
2863.165794	.3685
2864.130148	.39267
2865.094502	.41265
2866.058855	.42881
2867.023209	.44147
2867.987562	.45093
2868.951916	.45753
2869.916270	.46164
2870.880623	.46365
2871.844977	.4638
2872.809330	.46209
2873.773684	.45858
2874.738038	.45344
2875.702391	.44674
2876.666745	.43839
2877.631098	.42839
2878.595452	.41697
2879.559805	.40455
2880.524159	.39159
2881.488513	.37847
2882.452866	.36534
2883.417220	.35228
2884.381573	.33925
2885.345927	.32627
2886.310281	.31356
2887.274634	.30131
2888.238988	.28945
2889.203341	.27782
2890.167695	.26648
2891.132048	.25559
2892.096402	.24519
2893.060756	.23533
2894.025109	.22596
2894.989463	.21704
2895.953816	.20875
2896.918170	.20103
2897.882524	.19357
2898.846877	.18628
2899.811231	.17915
2900.775584	.17206
2901.739938	.16482
2902.704291	.15734
2903.668645	.14961
2904.632999	.14145
2905.597352	.13242
2906.561706	.12219
2907.526059	.11091
2908.490413	.098825
2909.454767	.086068
2910.419120	.073038
2911.383474	.060038
2912.347827	.047447
2913.312181	.036238
2914.276535	.027346
2915.240888	.020978
2916.205242	.016898
2917.169595	.014657
2918.133949	.013653
2919.098302	.01331
2920.062656	.013327
2921.027010	.013602
2921.991363	.014108
2922.955717	.014906
2923.920070	.016033
2924.884424	.017579
2925.848778	.019956
2926.813131	.023635
2927.777485	.028844
2928.741838	.035716
2929.706192	.044528
2930.670545	.055667
2931.634899	.069415
2932.599253	.085905
2933.563606	.10506
2934.527960	.12682
2935.492313	.1512
2936.456667	.17775
2937.421021	.20585
2938.385374	.23525
2939.349728	.26566
2940.314081	.29659
2941.278435	.32736
2942.242789	.35715
2943.207142	.38558
2944.171496	.41245
2945.135849	.4373
2946.100203	.4597
2947.064556	.47942
2948.028910	.49656
2948.993264	.51147
2949.957617	.52428
2950.921971	.53495
2951.886324	.54396
2952.850678	.5522
2953.815032	.56022
2954.779385	.56784
2955.743739	.57483
2956.708092	.5814
2957.672446	.58789
2958.636799	.59458
2959.601153	.60158
2960.565507	.60874
2961.529860	.61586
2962.494214	.62306
2963.458567	.63052
2964.422921	.63811
2965.387275	.64555
2966.351628	.6529
2967.315982	.66045
2968.280335	.66796
2969.244689	.67488
2970.209042	.68113
2971.173396	.68705
2972.137750	.69277
2973.102103	.69814
2974.066457	.70301
2975.030810	.70729
2975.995164	.71106
2976.959518	.71458
2977.923871	.71799
2978.888225	.72119
2979.852578	.72383
2980.816932	.72596
2981.781286	.72823
2982.745639	.73073
2983.709993	.73295
2984.674346	.73478
2985.638700	.73641
2986.603053	.73786
2987.567407	.73918
2988.531761	.7405
2989.496114	.74177
2990.460468	.74297
2991.424821	.74399
2992.389175	.74467
2993.353529	.74523
2994.317882	.74598
2995.282236	.74685
2996.246589	.74751
2997.210943	.74802
2998.175296	.74859
2999.139650	.74904
3000.104004	.74933
3001.068357	.74969
3002.032711	.75006
3002.997064	.75042
3003.961418	.75091
3004.925772	.75148
3005.890125	.75192
3006.854479	.75221
3007.818832	.75244
3008.783186	.7528
3009.747539	.75334
3010.711893	.7538
3011.676247	.75407
3012.640600	.7543
3013.604954	.75447
3014.569307	.75464
3015.533661	.75488
3016.498015	.75501
3017.462368	.75494
3018.426722	.75487
3019.391075	.75493
3020.355429	.75511
3021.319783	.75535
3022.284136	.75559
3023.248490	.75578
3024.212843	.75591
3025.177197	.75604
3026.141550	.75612
3027.105904	.75614
3028.070258	.75643
3029.034611	.75708
3029.998965	.75757
3030.963318	.75766
3031.927672	.7577
3032.892026	.75791
3033.856379	.75807
3034.820733	.75814
3035.785086	.75837
3036.749440	.75873
3037.713793	.75905
3038.678147	.75941
3039.642501	.7599
3040.606854	.76041
3041.571208	.76087
3042.535561	.7614
3043.499915	.76184
3044.464269	.76195
3045.428622	.76207
3046.392976	.76252
3047.357329	.76302
3048.321683	.76338
3049.286037	.76375
3050.250390	.76405
3051.214744	.76406
3052.179097	.76399
3053.143451	.76423
3054.107804	.76466
3055.072158	.76496
3056.036512	.76513
3057.000865	.76528
3057.965219	.76548
3058.929572	.76564
3059.893926	.7655
3060.858280	.7653
3061.822633	.7655
3062.786987	.76592
3063.751340	.76615
3064.715694	.76623
3065.680047	.76631
3066.644401	.76635
3067.608755	.76627
3068.573108	.76616
3069.537462	.76611
3070.501815	.76595
3071.466169	.76571
3072.430523	.76575
3073.394876	.76609
3074.359230	.76632
3075.323583	.76639
3076.287937	.76648
3077.252290	.76652
3078.216644	.76647
3079.180998	.7664
3080.145351	.76638
3081.109705	.76638
3082.074058	.76648
3083.038412	.76668
3084.002766	.76688
3084.967119	.76697
3085.931473	.76706
3086.895826	.7672
3087.860180	.7674
3088.824534	.76784
3089.788887	.76839
3090.753241	.76874
3091.717594	.76904
3092.681948	.7695
3093.646301	.77012
3094.610655	.77085
3095.575009	.77155
3096.539362	.77192
3097.503716	.77213
3098.468069	.77261
3099.432423	.77332
3100.396777	.77398
3101.361130	.77449
3102.325484	.77471
3103.289837	.77468
3104.254191	.77463
3105.218544	.77459
3106.182898	.77458
3107.147252	.77484
3108.111605	.77526
3109.075959	.77552
3110.040312	.77561
3111.004666	.77562
3111.969020	.77559
3112.933373	.77557
3113.897727	.7757
3114.862080	.77606
3115.826434	.77624
3116.790787	.77618
3117.755141	.7763
3118.719495	.77639
3119.683848	.77608
3120.648202	.77584
3121.612555	.77613
3122.576909	.77656
3123.541263	.77649
3124.505616	.77614
3125.469970	.77611
3126.434323	.77636
3127.398677	.77636
3128.363031	.77598
3129.327384	.77561
3130.291738	.77555
3131.256091	.77582
3132.220445	.77622
3133.184798	.77638
3134.149152	.77617
3135.113506	.77586
3136.077859	.77571
3137.042213	.77582
3138.006566	.77588
3138.970920	.77566
3139.935274	.77539
3140.899627	.7753
3141.863981	.77539
3142.828334	.7756
3143.792688	.77566
3144.757041	.77539
3145.721395	.77515
3146.685749	.77526
3147.650102	.77544
3148.614456	.77532
3149.578809	.77512
3150.543163	.77517
3151.507517	.77514
3152.471870	.77495
3153.436224	.77505
3154.400577	.77527
3155.364931	.77525
3156.329284	.77518
3157.293638	.77509
3158.257992	.77475
3159.222345	.77442
3160.186699	.77449
3161.151052	.77452
3162.115406	.77422
3163.079760	.77411
3164.044113	.77438
3165.008467	.77458
3165.972820	.77454
3166.937174	.77449
3167.901528	.77456
3168.865881	.77464
3169.830235	.7747
3170.794588	.77462
3171.758942	.77433
3172.723295	.77405
3173.687649	.77399
3174.652003	.7741
3175.616356	.77421
3176.580710	.77422
3177.545063	.77435
3178.509417	.77449
3179.473771	.77423
3180.438124	.77373
3181.402478	.7735
3182.366831	.77354
3183.331185	.77359
3184.295538	.77367
3185.259892	.77378
3186.224246	.7738
3187.188599	.77378
3188.152953	.77372
3189.117306	.77363
3190.081660	.7735
3191.046014	.7732
3192.010367	.77295
3192.974721	.77298
3193.939074	.77308
3194.903428	.77324
3195.867782	.77352
3196.832135	.77367
3197.796489	.77357
3198.760842	.77346
3199.725196	.77341
3200.689549	.77324
3201.653903	.77286
3202.618257	.77255
3203.582610	.77264
3204.546964	.77289
3205.511317	.77291
3206.475671	.77271
3207.440025	.77258
3208.404378	.77283
3209.368732	.77323
3210.333085	.77325
3211.297439	.77297
3212.261792	.77291
3213.226146	.77311
3214.190500	.77308
3215.154853	.77277
3216.119207	.77268
3217.083560	.77272
3218.047914	.77254
3219.012268	.77228
3219.976621	.77206
3220.940975	.77192
3221.905328	.77178
3222.869682	.7717
3223.834035	.77186
3224.798389	.77205
3225.762743	.77219
3226.727096	.77239
3227.691450	.7724
3228.655803	.77223
3229.620157	.772
3230.584511	.77175
3231.548864	.77173
3232.513218	.77188
3233.477571	.77193
3234.441925	.77187
3235.406279	.77172
3236.370632	.77161
3237.334986	.77156
3238.299339	.77147
3239.263693	.77146
3240.228046	.77155
3241.192400	.77144
3242.156754	.77111
3243.121107	.77102
3244.085461	.77133
3245.049814	.77164
3246.014168	.77165
3246.978522	.77139
3247.942875	.77091
3248.907229	.77062
3249.871582	.77083
3250.835936	.77107
3251.800289	.77088
3252.764643	.77059
3253.728997	.77065
3254.693350	.77085
3255.657704	.77079
3256.622057	.77051
3257.586411	.77028
3258.550765	.77023
3259.515118	.7702
3260.479472	.77004
3261.443825	.76993
3262.408179	.76984
3263.372532	.76981
3264.336886	.76988
3265.301240	.76995
3266.265593	.76994
3267.229947	.76977
3268.194300	.76964
3269.158654	.76972
3270.123008	.76969
3271.087361	.76949
3272.051715	.76938
3273.016068	.76937
3273.980422	.76939
3274.944776	.76952
3275.909129	.76966
3276.873483	.76966
3277.837836	.76956
3278.802190	.76943
3279.766543	.76923
3280.730897	.76894
3281.695251	.76886
3282.659604	.76896
3283.623958	.76893
3284.588311	.76882
3285.552665	.76886
3286.517019	.76905
3287.481372	.76927
3288.445726	.7693
3289.410079	.76903
3290.374433	.76879
3291.338786	.76875
3292.303140	.76873
3293.267494	.76857
3294.231847	.76833
3295.196201	.7681
3296.160554	.76804
3297.124908	.76823
3298.089262	.76842
3299.053615	.76836
3300.017969	.76814
3300.982322	.76794
3301.946676	.76804
3302.911030	.76832
3303.875383	.76834
3304.839737	.76812
3305.804090	.76802
3306.768444	.76814
3307.732797	.76821
3308.697151	.76797
3309.661505	.76759
3310.625858	.76728
3311.590212	.76715
3312.554565	.76727
3313.518919	.76742
3314.483273	.76747
3315.447626	.7675
3316.411980	.76739
3317.376333	.76725
3318.340687	.76734
3319.305040	.76744
3320.269394	.76731
3321.233748	.76711
3322.198101	.76698
3323.162455	.76687
3324.126808	.76682
3325.091162	.76691
3326.055516	.76701
3327.019869	.76688
3327.984223	.76662
3328.948576	.76646
3329.912930	.76633
3330.877283	.76612
3331.841637	.76602
3332.805991	.76618
3333.770344	.76652
3334.734698	.76671
3335.699051	.76661
3336.663405	.76642
3337.627759	.76627
3338.592112	.76618
3339.556466	.766
3340.520819	.76577
3341.485173	.76576
3342.449527	.76595
3343.413880	.76608
3344.378234	.76612
3345.342587	.76597
3346.306941	.76568
3347.271294	.76552
3348.235648	.76554
3349.200002	.76562
3350.164355	.76551
3351.128709	.76523
3352.093062	.76512
3353.057416	.76524
3354.021770	.76533
3354.986123	.76539
3355.950477	.76552
3356.914830	.7655
3357.879184	.76526
3358.843537	.7651
3359.807891	.76497
3360.772245	.76472
3361.736598	.76452
3362.700952	.76447
3363.665305	.76447
3364.629659	.76456
3365.594013	.7646
3366.558366	.76444
3367.522720	.76432
3368.487073	.76429
3369.451427	.76405
3370.415780	.76378
3371.380134	.76377
3372.344488	.76377
3373.308841	.76353
3374.273195	.76332
3375.237548	.76348
3376.201902	.76382
3377.166256	.76394
3378.130609	.76375
3379.094963	.7635
3380.059316	.76344
3381.023670	.7635
3381.988024	.76351
3382.952377	.76357
3383.916731	.76363
3384.881084	.76362
3385.845438	.76358
3386.809791	.76354
3387.774145	.76353
3388.738499	.76363
3389.702852	.76387
3390.667206	.76427
3391.631559	.76465
3392.595913	.7648
3393.560267	.76456
3394.524620	.76403
3395.488974	.76369
3396.453327	.76367
3397.417681	.76364
3398.382034	.76362
3399.346388	.76381
3400.310742	.76401
3401.275095	.76404
3402.239449	.76389
3403.203802	.76363
3404.168156	.76343
3405.132510	.76338
3406.096863	.76335
3407.061217	.76322
3408.025570	.76303
3408.989924	.76287
3409.954278	.76294
3410.918631	.76326
3411.882985	.76349
3412.847338	.76335
3413.811692	.7631
3414.776045	.76302
3415.740399	.76297
3416.704753	.76281
3417.669106	.76279
3418.633460	.76314
3419.597813	.76363
3420.562167	.76383
3421.526521	.7636
3422.490874	.76316
3423.455228	.76272
3424.419581	.76242
3425.383935	.76233
3426.348288	.76236
3427.312642	.76243
3428.276996	.76256
3429.241349	.76264
3430.205703	.76251
3431.170056	.76241
3432.134410	.76256
3433.098764	.76258
3434.063117	.76223
3435.027471	.76195
3435.991824	.76196
3436.956178	.76197
3437.920531	.76188
3438.884885	.76186
3439.849239	.76196
3440.813592	.76221
3441.777946	.76257
3442.742299	.7627
3443.706653	.76256
3444.671007	.76268
3445.635360	.7634
3446.599714	.76404
3447.564067	.7635
3448.528421	.76225
3449.492775	.76164
3450.457128	.76167
3451.421482	.76154
3452.385835	.76117
3453.350189	.761
3454.314542	.76119
3455.278896	.76147
3456.243250	.76146
3457.207603	.76139
3458.171957	.76181
3459.136310	.76236
3460.100664	.76243
3461.065018	.76231
3462.029371	.76237
3462.993725	.7624
3463.958078	.76229
3464.922432	.76223
3465.886785	.76228
3466.851139	.76226
3467.815493	.76191
3468.779846	.76151
3469.744200	.76148
3470.708553	.7616
3471.672907	.7615
3472.637261	.76129
3473.601614	.76137
3474.565968	.76173
3475.530321	.762
3476.494675	.76188
3477.459028	.76157
3478.423382	.76164
3479.387736	.76215
3480.352089	.76274
3481.316443	.76322
3482.280796	.76326
3483.245150	.76259
3484.209504	.76178
3485.173857	.76145
3486.138211	.76164
3487.102564	.76211
3488.066918	.76223
3489.031272	.7618
3489.995625	.76127
3490.959979	.76118
3491.924332	.76136
3492.888686	.76125
3493.853039	.76101
3494.817393	.76124
3495.781747	.76189
3496.746100	.76211
3497.710454	.76141
3498.674807	.76064
3499.639161	.76078
3500.603515	.76177
3501.567868	.76294
3502.532222	.76363
3503.496575	.76343
3504.460929	.76246
3505.425282	.76131
3506.389636	.76059
3507.353990	.76071
3508.318343	.76172
3509.282697	.7625
3510.247050	.76203
3511.211404	.76109
3512.175758	.76065
3513.140111	.7606
3514.104465	.76056
3515.068818	.76047
3516.033172	.76053
3516.997526	.76069
3517.961879	.76083
3518.926233	.76084
3519.890586	.76083
3520.854940	.76116
3521.819293	.76194
3522.783647	.76281
3523.748001	.76314
3524.712354	.76273
3525.676708	.76232
3526.641061	.76248
3527.605415	.76297
3528.569769	.76291
3529.534122	.76189
3530.498476	.76079
3531.462829	.7602
3532.427183	.75972
3533.391536	.7594
3534.355890	.75967
3535.320244	.76043
3536.284597	.76087
3537.248951	.76051
3538.213304	.75989
3539.177658	.75961
3540.142012	.75948
3541.106365	.75942
3542.070719	.75979
3543.035072	.76083
3543.999426	.76241
3544.963779	.76401
3545.928133	.76479
3546.892487	.76421
3547.856840	.76245
3548.821194	.76062
3549.785547	.75994
3550.749901	.7607
3551.714255	.76193
3552.678608	.76193
3553.642962	.76067
3554.607315	.75953
3555.571669	.75906
3556.536023	.759
3557.500376	.75906
3558.464730	.75951
3559.429083	.76057
3560.393437	.76117
3561.357790	.76081
3562.322144	.76071
3563.286498	.76144
3564.250851	.76319
3565.215205	.76696
3566.179558	.77164
3567.143912	.77404
3568.108266	.77192
3569.072619	.76621
3570.036973	.76126
3571.001326	.75918
3571.965680	.75847
3572.930033	.75822
3573.894387	.75843
3574.858741	.75863
3575.823094	.75859
3576.787448	.75843
3577.751801	.75823
3578.716155	.75837
3579.680509	.75871
3580.644862	.75843
3581.609216	.75793
3582.573569	.75816
3583.537923	.75894
3584.502276	.76069
3585.466630	.76496
3586.430984	.7703
3587.395337	.773
3588.359691	.77176
3589.324044	.76655
3590.288398	.76051
3591.252752	.75816
3592.217105	.75927
3593.181459	.76071
3594.145812	.76142
3595.110166	.76173
3596.074520	.76062
3597.038873	.75837
3598.003227	.75688
3598.967580	.75639
3599.931934	.75641
3600.896287	.75591
3601.860641	.75411
3602.824995	.75215
3603.789348	.75111
3604.753702	.75159
3605.718055	.75447
3606.682409	.75874
3607.646763	.76254
3608.611116	.76525
3609.575470	.76407
3610.539823	.76022
3611.504177	.76075
3612.468530	.76436
3613.432884	.76435
3614.397238	.76164
3615.361591	.75969
3616.325945	.76026
3617.290298	.76408
3618.254652	.76892
3619.219006	.77127
3620.183359	.76843
3621.147713	.76212
3622.112066	.7574
3623.076420	.75577
3624.040774	.75594
3625.005127	.75736
3625.969481	.76045
3626.933834	.76765
3627.898188	.78065
3628.862541	.79037
3629.826895	.78323
3630.791249	.76798
3631.755602	.75941
3632.719956	.75872
3633.684309	.75952
3634.648663	.75729
3635.613017	.7541
3636.577370	.75297
3637.541724	.7532
3638.506077	.75289
3639.470431	.75202
3640.434784	.75168
3641.399138	.75196
3642.363492	.75184
3643.327845	.7512
3644.292199	.75167
3645.256552	.75567
3646.220906	.76411
3647.185260	.77338
3648.149613	.77958
3649.113967	.78329
3650.078320	.78304
3651.042674	.77566
3652.007027	.76415
3652.971381	.75554
3653.935735	.75383
3654.900088	.75865
3655.864442	.76501
3656.828795	.76425
3657.793149	.75722
3658.757503	.75247
3659.721856	.75137
3660.686210	.75114
3661.650563	.75084
3662.614917	.75073
3663.579271	.75083
3664.543624	.75103
3665.507978	.75143
3666.472331	.75312
3667.436685	.75823
3668.401038	.76637
3669.365392	.77435
3670.329746	.77755
3671.294099	.7709
3672.258453	.76134
3673.222806	.76169
3674.187160	.77425
3675.151514	.78684
3676.115867	.78146
3677.080221	.76571
3678.044574	.75795
3679.008928	.75818
3679.973281	.75778
3680.937635	.75438
3681.901989	.75174
3682.866342	.75145
3683.830696	.75215
3684.795049	.75284
3685.759403	.75473
3686.723757	.76138
3687.688110	.77285
3688.652464	.77823
3689.616817	.77357
3690.581171	.7701
3691.545524	.76746
3692.509878	.761
3693.474232	.75551
3694.438585	.75372
3695.402939	.75347
3696.367292	.75333
3697.331646	.75318
3698.296000	.75323
3699.260353	.754
3700.224707	.75715
3701.189060	.7619
3702.153414	.76254
3703.117768	.75793
3704.082121	.75413
3705.046475	.75338
3706.010828	.75361
3706.975182	.75472
3707.939535	.75912
3708.903889	.76566
3709.868243	.76952
3710.832596	.77273
3711.796950	.77657
3712.761303	.77215
3713.725657	.76172
3714.690011	.75558
3715.654364	.75363
3716.618718	.75296
3717.583071	.75413
3718.547425	.75646
3719.511778	.7573
3720.476132	.75802
3721.440486	.76124
3722.404839	.76333
3723.369193	.76154
3724.333546	.76063
3725.297900	.76297
3726.262254	.76473
3727.226607	.76224
3728.190961	.75757
3729.155314	.75559
3730.119668	.75893
3731.084022	.76718
3732.048375	.77369
3733.012729	.77349
3733.977082	.77468
3734.941436	.78047
3735.905789	.78232
3736.870143	.77651
3737.834497	.7678
3738.798850	.76079
3739.763204	.75784
3740.727557	.7583
3741.691911	.76038
3742.656265	.76836
3743.620618	.78742
3744.584972	.79997
3745.549325	.78421
3746.513679	.76654
3747.478032	.7649
3748.442386	.77577
3749.406740	.78525
3750.371093	.78386
3751.335447	.78241
3752.299800	.78067
3753.264154	.76913
3754.228508	.75781
3755.192861	.75509
3756.157215	.75672
3757.121568	.75704
3758.085922	.75751
3759.050275	.76054
3760.014629	.761
3760.978983	.75625
3761.943336	.75186
3762.907690	.75044
3763.872043	.75166
3764.836397	.75522
3765.800751	.75727
3766.765104	.75477
3767.729458	.75289
3768.693811	.75655
3769.658165	.76118
3770.622519	.75893
3771.586872	.7527
3772.551226	.74905
3773.515579	.74799
3774.479933	.74763
3775.444286	.74752
3776.408640	.7478
3777.372994	.74939
3778.337347	.75332
3779.301701	.75673
3780.266054	.75476
3781.230408	.75009
3782.194762	.74816
3783.159115	.74912
3784.123469	.75051
3785.087822	.75045
3786.052176	.74904
3787.016529	.74773
3787.980883	.74708
3788.945237	.74669
3789.909590	.74643
3790.873944	.74643
3791.838297	.74646
3792.802651	.74653
3793.767005	.74723
3794.731358	.7497
3795.695712	.75399
3796.660065	.75616
3797.624419	.75368
3798.588772	.75174
3799.553126	.75655
3800.517480	.76778
3801.481833	.7743
3802.446187	.76662
3803.410540	.75519
3804.374894	.7503
3805.339248	.75403
3806.303601	.76293
3807.267955	.76488
3808.232308	.75577
3809.196662	.74747
3810.161016	.74489
3811.125369	.74462
3812.089723	.74457
3813.054076	.74539
3814.018430	.74967
3814.982783	.75957
3815.947137	.76756
3816.911491	.76247
3817.875844	.75365
3818.840198	.75353
3819.804551	.76277
3820.768905	.77309
3821.733259	.77143
3822.697612	.7596
3823.661966	.75062
3824.626319	.7482
3825.590673	.74957
3826.555026	.75098
3827.519380	.74964
3828.483734	.74709
3829.448087	.74701
3830.412441	.751
3831.376794	.75555
3832.341148	.75493
3833.305502	.75298
3834.269855	.75558
3835.234209	.75864
3836.198562	.76081
3837.162916	.76674
3838.127269	.76973
3839.091623	.76438
3840.055977	.75987
3841.020330	.75759
3841.984684	.7547
3842.949037	.75356
3843.913391	.75264
3844.877745	.74878
3845.842098	.74502
3846.806452	.74379
3847.770805	.74417
3848.735159	.7456
3849.699513	.74882
3850.663866	.75652
3851.628220	.76992
3852.592573	.78551
3853.556927	.7961
3854.521280	.78738
3855.485634	.76592
3856.449988	.75326
3857.414341	.74904
3858.378695	.74582
3859.343048	.74406
3860.307402	.74643
3861.271756	.75078
3862.236109	.75263
3863.200463	.75341
3864.164816	.75706
3865.129170	.75858
3866.093523	.75307
3867.057877	.74823
3868.022231	.75151
3868.986584	.76122
3869.950938	.76622
3870.915291	.75909
3871.879645	.75041
3872.843999	.74931
3873.808352	.75234
3874.772706	.75126
3875.737059	.74604
3876.701413	.74264
3877.665767	.74283
3878.630120	.74678
3879.594474	.75372
3880.558827	.75654
3881.523181	.75138
3882.487534	.74618
3883.451888	.74662
3884.416242	.75218
3885.380595	.75813
3886.344949	.75567
3887.309302	.74694
3888.273656	.74184
3889.238010	.74308
3890.202363	.74917
3891.166717	.75452
3892.131070	.75217
3893.095424	.74593
3894.059777	.74224
3895.024131	.74077
3895.988485	.74051
3896.952838	.74266
3897.917192	.74812
3898.881545	.75415
3899.845899	.75597
3900.810253	.75575
3901.774606	.75678
3902.738960	.75757
3903.703313	.75801
3904.667667	.75605
3905.632020	.75007
3906.596374	.74411
3907.560728	.74064
3908.525081	.7391
3909.489435	.73864
3910.453788	.73853
3911.418142	.73846
3912.382496	.73861
3913.346849	.73906
3914.311203	.73985
3915.275556	.74175
3916.239910	.74473
3917.204264	.74637
3918.168617	.74538
3919.132971	.74433
3920.097324	.74391
3921.061678	.74225
3922.026031	.74075
3922.990385	.74165
3923.954739	.74384
3924.919092	.74438
3925.883446	.74203
3926.847799	.73936
3927.812153	.73909
3928.776507	.74052
3929.740860	.74179
3930.705214	.743
3931.669567	.74462
3932.633921	.74477
3933.598274	.74259
3934.562628	.74043
3935.526982	.7395
3936.491335	.73914
3937.455689	.73926
3938.420042	.73973
3939.384396	.73998
3940.348750	.74042
3941.313103	.7421
3942.277457	.74425
3943.241810	.74438
3944.206164	.74243
3945.170517	.74076
3946.134871	.74067
3947.099225	.74175
3948.063578	.74263
3949.027932	.74269
3949.992285	.74226
3950.956639	.74139
3951.920993	.74062
3952.885346	.74026
3953.849700	.73989
3954.814053	.73971
3955.778407	.73988
3956.742761	.73994
3957.707114	.73964
3958.671468	.73937
3959.635821	.73952
3960.600175	.73986
3961.564528	.7398
3962.528882	.73927
3963.493236	.73897
3964.457589	.73904
3965.421943	.73889
3966.386296	.73854
3967.350650	.73852
3968.315004	.73886
3969.279357	.73889
3970.243711	.73845
3971.208064	.73842
3972.172418	.73897
3973.136771	.73925
3974.101125	.73906
3975.065479	.7389
3976.029832	.73878
3976.994186	.7384
3977.958539	.73789
3978.922893	.73766
3979.887247	.73789
3980.851600	.73813
3981.815954	.73796
3982.780307	.73782
3983.744661	.738
3984.709015	.73822
3985.673368	.73829
3986.637722	.73797
3987.602075	.73749
3988.566429	.73753
3989.530782	.73803
3990.495136	.73835
3991.459490	.73811
3992.423843	.7376
3993.388197	.73746
3994.352550	.73771
3995.316904	.73795
3996.281258	.73807
3997.245611	.73785
3998.209965	.73732
3999.174318	.73701
4000.138672	.73706