499.535156	.90602
500.499510	.90392
501.463863	.90372
502.428217	.90362
503.392571	.90156
504.356924	.899
505.321278	.8972
506.285631	.89523
507.249985	.89231
508.214339	.88949
509.178692	.88781
510.143046	.88661
511.107399	.88549
512.071753	.88504
513.036106	.88504
514.000460	.88487
514.964814	.88477
515.929167	.88547
516.893521	.88672
517.857874	.88729
518.822228	.88639
519.786582	.88391
520.750935	.88162
521.715289	.88181
522.679642	.88364
523.643996	.88503
524.608349	.88602
525.572703	.8875
526.537057	.88862
527.501410	.88872
528.465764	.88948
529.430117	.8919
530.394471	.895
531.358825	.89779
532.323178	.9006
533.287532	.90434
534.251885	.9082
535.216239	.9112
536.180593	.91425
537.144946	.91784
538.109300	.92104
539.073653	.92313
540.038007	.925
541.002360	.9269
541.966714	.92696
542.931068	.92586
543.895421	.92608
544.859775	.92737
545.824128	.92825
546.788482	.92768
547.752836	.9255
548.717189	.92256
549.681543	.91997
550.645896	.91775
551.610250	.91544
552.574603	.91388
553.538957	.91324
554.503311	.91261
555.467664	.91086
556.432018	.90711
557.396371	.90277
558.360725	.89994
559.325079	.89866
560.289432	.89725
561.253786	.89526
562.218139	.89333
563.182493	.89176
564.146846	.89096
565.111200	.89102
566.075554	.89176
567.039907	.89202
568.004261	.89035
568.968614	.888
569.932968	.88708
570.897322	.88831
571.861675	.89031
572.826029	.89101
573.790382	.89084
574.754736	.8922
575.719090	.89586
576.683443	.89964
577.647797	.90171
578.612150	.90311
579.576504	.90531
580.540857	.90797
581.505211	.91027
582.469565	.9124
583.433918	.91517
584.398272	.9186
585.362625	.92171
586.326979	.92402
587.291333	.92558
588.255686	.92671
589.220040	.92876
590.184393	.93248
591.148747	.9363
592.113100	.93804
593.077454	.93795
594.041808	.93803
595.006161	.93902
595.970515	.93999
596.934868	.94027
597.899222	.94023
598.863576	.94018
599.827929	.93913
600.792283	.93633
601.756636	.93361
602.720990	.9325
603.685343	.93143
604.649697	.92928
605.614051	.92703
606.578404	.92531
607.542758	.92377
608.507111	.9221
609.471465	.92003
610.435819	.91722
611.400172	.91418
612.364526	.91181
613.328879	.91053
614.293233	.90988
615.257587	.90882
616.221940	.90735
617.186294	.90555
618.150647	.9027
619.115001	.89973
620.079354	.89829
621.043708	.89786
622.008062	.89725
622.972415	.89676
623.936769	.89682
624.901122	.89673
625.865476	.89637
626.829830	.89683
627.794183	.89839
628.758537	.89984
629.722890	.90076
630.687244	.90193
631.651597	.90339
632.615951	.9049
633.580305	.90717
634.544658	.91066
635.509012	.91404
636.473365	.91617
637.437719	.91823
638.402073	.92124
639.366426	.92439
640.330780	.92689
641.295133	.92881
642.259487	.9309
643.223841	.93388
644.188194	.93708
645.152548	.93973
646.116901	.94244
647.081255	.94546
648.045608	.94809
649.009962	.94972
649.974316	.95021
650.938669	.94993
651.903023	.94942
652.867376	.94925
653.831730	.94964
654.796084	.9495
655.760437	.94806
656.724791	.94613
657.689144	.94473
658.653498	.94354
659.617851	.94107
660.582205	.9372
661.546559	.93406
662.510912	.93194
663.475266	.92868
664.439619	.92444
665.403973	.92255
666.368327	.9281
667.332680	.95206
668.297034	.97928
669.261387	.95701
670.225741	.93042
671.190094	.91706
672.154448	.91226
673.118802	.91066
674.083155	.90978
675.047509	.90948
676.011862	.91015
676.976216	.91097
677.940570	.91092
678.904923	.91033
679.869277	.90982
680.833630	.90979
681.797984	.91036
682.762338	.91079
683.726691	.91077
684.691045	.91129
685.655398	.91293
686.619752	.91483
687.584105	.91596
688.548459	.9164
689.512813	.91673
690.477166	.91752
691.441520	.91913
692.405873	.92078
693.370227	.92186
694.334581	.92283
695.298934	.92397
696.263288	.92511
697.227641	.92631
698.191995	.9276
699.156348	.9286
700.120702	.9289
701.085056	.92893
702.049409	.92949
703.013763	.93053
703.978116	.93125
704.942470	.93127
705.906824	.93121
706.871177	.93107
707.835531	.92986
708.799884	.92827
709.764238	.92761
710.728591	.927
711.692945	.92561
712.657299	.92385
713.621652	.92215
714.586006	.92055
715.550359	.91833
716.514713	.91522
717.479067	.91254
718.443420	.91097
719.407774	.90985
720.372127	.90792
721.336481	.90426
722.300835	.9003
723.265188	.89768
724.229542	.89636
725.193895	.89604
726.158249	.89595
727.122602	.89484
728.086956	.8929
729.051310	.89134
730.015663	.89065
730.980017	.89048
731.944370	.89024
732.908724	.88965
733.873078	.88891
734.837431	.8887
735.801785	.88912
736.766138	.88928
737.730492	.88946
738.694845	.89062
739.659199	.89224
740.623553	.8936
741.587906	.89465
742.552260	.89589
743.516613	.89779
744.480967	.89975
745.445321	.90102
746.409674	.90202
747.374028	.9038
748.338381	.90642
749.302735	.90868
750.267088	.9098
751.231442	.9105
752.195796	.9118
753.160149	.91341
754.124503	.9146
755.088856	.91556
756.053210	.91659
757.017564	.91741
757.981917	.91765
758.946271	.91758
759.910624	.91765
760.874978	.91732
761.839332	.91585
762.803685	.91365
763.768039	.91191
764.732392	.91136
765.696746	.91126
766.661099	.91042
767.625453	.90901
768.589807	.90756
769.554160	.90583
770.518514	.90375
771.482867	.90134
772.447221	.89907
773.411575	.89748
774.375928	.89578
775.340282	.89293
776.304635	.88926
777.268989	.886
778.233342	.88366
779.197696	.88123
780.162050	.87759
781.126403	.87305
782.090757	.86843
783.055110	.86367
784.019464	.85801
784.983818	.85167
785.948171	.84555
786.912525	.83948
787.876878	.83301
788.841232	.82638
789.805586	.82018
790.769939	.81469
791.734293	.80928
792.698646	.80289
793.663000	.79571
794.627353	.7888
795.591707	.78207
796.556061	.77494
797.520414	.76748
798.484768	.75907
799.449121	.7486
800.413475	.73612
801.377829	.7214
802.342182	.70249
803.306536	.67743
804.270889	.64635
805.235243	.61174
806.199596	.57843
807.163950	.55165
808.128304	.53537
809.092657	.53241
810.057011	.54337
811.021364	.56611
811.985718	.59747
812.950072	.6338
813.914425	.67047
814.878779	.70286
815.843132	.72848
816.807486	.74746
817.771839	.76111
818.736193	.77023
819.700547	.77536
820.664900	.77817
821.629254	.77997
822.593607	.78032
823.557961	.77879
824.522315	.77565
825.486668	.77089
826.451022	.76449
827.415375	.75709
828.379729	.74919
829.344083	.74061
830.308436	.73111
831.272790	.72041
832.237143	.70761
833.201497	.69221
834.165850	.67426
835.130204	.6522
836.094558	.62175
837.058911	.57621
838.023265	.50799
838.987618	.41546
839.951972	.31541
840.916326	.24332
841.880679	.23103
842.845033	.28362
843.809386	.37632
844.773740	.47313
845.738093	.55086
846.702447	.60634
847.666801	.64554
848.631154	.67365
849.595508	.6943
850.559861	.71028
851.524215	.72323
852.488569	.7339
853.452922	.74268
854.417276	.7502
855.381629	.75678
856.345983	.76276
857.310336	.76899
858.274690	.77524
859.239044	.78086
860.203397	.78649
861.167751	.79222
862.132104	.797
863.096458	.80119
864.060812	.8057
865.025165	.80984
865.989519	.8132
866.953872	.81646
867.918226	.81945
868.882580	.82171
869.846933	.82365
870.811287	.82569
871.775640	.82761
872.739994	.82916
873.704347	.83048
874.668701	.83153
875.633055	.83235
876.597408	.83365
877.561762	.83542
878.526115	.83688
879.490469	.83795
880.454823	.83857
881.419176	.83831
882.383530	.8375
883.347883	.83658
884.312237	.83501
885.276590	.83247
886.240944	.82918
887.205298	.82508
888.169651	.82021
889.134005	.81459
890.098358	.80738
891.062712	.79702
892.027066	.78213
892.991419	.7617
893.955773	.73434
894.920126	.69835
895.884480	.65445
896.848834	.60834
897.813187	.56952
898.777541	.54714
899.741894	.54632
900.706248	.56655
901.670601	.60273
902.634955	.64766
903.599309	.69396
904.563662	.73525
905.528016	.76765
906.492369	.79079
907.456723	.80634
908.421077	.81663
909.385430	.82399
910.349784	.82987
911.314137	.83466
912.278491	.83861
913.242844	.84218
914.207198	.84527
915.171552	.84769
916.135905	.84974
917.100259	.85187
918.064612	.85383
919.028966	.85504
919.993320	.85581
920.957673	.8564
921.922027	.8567
922.886380	.85701
923.850734	.85728
924.815087	.85728
925.779441	.85716
926.743795	.85666
927.708148	.85556
928.672502	.85423
929.636855	.85263
930.601209	.85046
931.565563	.84787
932.529916	.8443
933.494270	.83872
934.458623	.83074
935.422977	.81974
936.387331	.80539
937.351684	.78921
938.316038	.77409
939.280391	.763
940.244745	.75819
941.209098	.76003
942.173452	.76691
943.137806	.77658
944.102159	.78682
945.066513	.79561
946.030866	.80175
946.995220	.80545
947.959574	.80757
948.923927	.80831
949.888281	.80797
950.852634	.80718
951.816988	.80565
952.781341	.80305
953.745695	.7993
954.710049	.79413
955.674402	.78804
956.638756	.7813
957.603109	.77303
958.567463	.76299
959.531817	.75148
960.496170	.7381
961.460524	.7221
962.424877	.70287
963.389231	.67991
964.353584	.65201
965.317938	.61695
966.282292	.57198
967.246645	.51477
968.210999	.44432
969.175352	.36218
970.139706	.27612
971.104060	.20075
972.068413	.14977
973.032767	.1279
973.997120	.13177
974.961474	.15754
975.925828	.20375
976.890181	.26726
977.854535	.34087
978.818888	.4161
979.783242	.48571
980.747595	.54427
981.711949	.58915
982.676303	.6213
983.640656	.64344
984.605010	.65708
985.569363	.66322
986.533717	.66333
987.498071	.65713
988.462424	.64329
989.426778	.62181
990.391131	.59173
991.355485	.55105
992.319838	.49839
993.284192	.43291
994.248546	.35791
995.212899	.2828
996.177253	.22086
997.141606	.18485
998.105960	.18091
999.070314	.20816
1000.034667	.26199
1000.999021	.33259
1001.963374	.40609
1002.927728	.4728
1003.892082	.53032
1004.856435	.5778
1005.820789	.61509
1006.785142	.64481
1007.749496	.67
1008.713849	.69247
1009.678203	.71231
1010.642557	.7281
1011.606910	.73992
1012.571264	.75044
1013.535617	.76106
1014.499971	.77012
1015.464325	.77651
1016.428678	.78154
1017.393032	.78632
1018.357385	.79048
1019.321739	.79421
1020.286092	.79834
1021.250446	.80265
1022.214800	.80615
1023.179153	.80867
1024.143507	.81099
1025.107860	.81236
1026.072214	.8119
1027.036568	.81181
1028.000921	.81253
1028.965275	.8116
1029.929628	.8093
1030.893982	.80701
1031.858335	.80409
1032.822689	.79951
1033.787043	.79422
1034.751396	.79046
1035.715750	.78797
1036.680103	.78476
1037.644457	.78038
1038.608811	.77498
1039.573164	.76817
1040.537518	.75886
1041.501871	.74677
1042.466225	.7345
1043.430579	.7253
1044.394932	.72123
1045.359286	.72366
1046.323639	.73227
1047.287993	.74482
1048.252346	.7582
1049.216700	.76952
1050.181054	.77824
1051.145407	.78563
1052.109761	.79179
1053.074114	.79637
1054.038468	.8
1055.002822	.80316
1055.967175	.80631
1056.931529	.8097
1057.895882	.81273
1058.860236	.81508
1059.824589	.81698
1060.788943	.81853
1061.753297	.81974
1062.717650	.82079
1063.682004	.82221
1064.646357	.82387
1065.610711	.82467
1066.575065	.82457
1067.539418	.82425
1068.503772	.82368
1069.468125	.82276
1070.432479	.82178
1071.396832	.82096
1072.361186	.82046
1073.325540	.81994
1074.289893	.81885
1075.254247	.81743
1076.218600	.81618
1077.182954	.81493
1078.147308	.81322
1079.111661	.81119
1080.076015	.80928
1081.040368	.8074
1082.004722	.80528
1082.969076	.8026
1083.933429	.79907
1084.897783	.79492
1085.862136	.79072
1086.826490	.78663
1087.790843	.78239
1088.755197	.77774
1089.719551	.77265
1090.683904	.7672
1091.648258	.76112
1092.612611	.75381
1093.576965	.74523
1094.541319	.7359
1095.505672	.72559
1096.470026	.71328
1097.434379	.6983
1098.398733	.68049
1099.363086	.66075
1100.327440	.64123
1101.291794	.62491
1102.256147	.61548
1103.220501	.61539
1104.184854	.6243
1105.149208	.64016
1106.113562	.66016
1107.077915	.68079
1108.042269	.69923
1109.006622	.71476
1109.970976	.72776
1110.935330	.73846
1111.899683	.74711
1112.864037	.75423
1113.828390	.76035
1114.792744	.76565
1115.757097	.77017
1116.721451	.77395
1117.685805	.77719
1118.650158	.7804
1119.614512	.78371
1120.578865	.78658
1121.543219	.7888
1122.507573	.79077
1123.471926	.79265
1124.436280	.794
1125.400633	.79439
1126.364987	.79404
1127.329340	.79333
1128.293694	.79236
1129.258048	.79088
1130.222401	.78855
1131.186755	.78548
1132.151108	.78178
1133.115462	.77721
1134.079816	.77152
1135.044169	.76457
1136.008523	.75622
1136.972876	.74641
1137.937230	.7351
1138.901583	.72229
1139.865937	.70761
1140.830291	.69061
1141.794644	.67172
1142.758998	.65163
1143.723351	.63034
1144.687705	.60784
1145.652059	.58436
1146.616412	.55994
1147.580766	.53461
1148.545119	.50859
1149.509473	.48276
1150.473827	.45897
1151.438180	.43938
1152.402534	.42521
1153.366887	.41617
1154.331241	.41059
1155.295594	.40603
1156.259948	.40026
1157.224302	.39212
1158.188655	.38138
1159.153009	.36784
1160.117362	.35109
1161.081716	.331
1162.046070	.30745
1163.010423	.28065
1163.974777	.25166
1164.939130	.22271
1165.903484	.19704
1166.867837	.17825
1167.832191	.17006
1168.796545	.17614
1169.760898	.19899
1170.725252	.23903
1171.689605	.29396
1172.653959	.35814
1173.618313	.42441
1174.582666	.48714
1175.547020	.54301
1176.511373	.59042
1177.475727	.62938
1178.440080	.6611
1179.404434	.68704
1180.368788	.70826
1181.333141	.7255
1182.297495	.73928
1183.261848	.75013
1184.226202	.75884
1185.190556	.76589
1186.154909	.77128
1187.119263	.7752
1188.083616	.77777
1189.047970	.77909
1190.012324	.7796
1190.976677	.77968
1191.941031	.77944
1192.905384	.77875
1193.869738	.77773
1194.834091	.77683
1195.798445	.77605
1196.762799	.77493
1197.727152	.7733
1198.691506	.77148
1199.655859	.76993
1200.620213	.76856
1201.584567	.76708
1202.548920	.76537
1203.513274	.76336
1204.477627	.76098
1205.441981	.7585
1206.406334	.75608
1207.370688	.75333
1208.335042	.74986
1209.299395	.7457
1210.263749	.7408
1211.228102	.73493
1212.192456	.72783
1213.156810	.71937
1214.121163	.70987
1215.085517	.69995
1216.049870	.69057
1217.014224	.68289
1217.978578	.67765
1218.942931	.67512
1219.907285	.67545
1220.871638	.67902
1221.835992	.68594
1222.800345	.69551
1223.764699	.70648
1224.729053	.71755
1225.693406	.72752
1226.657760	.73578
1227.622113	.74235
1228.586467	.74754
1229.550821	.75176
1230.515174	.75526
1231.479528	.75808
1232.443881	.76044
1233.408235	.76243
1234.372588	.764
1235.336942	.76514
1236.301296	.76568
1237.265649	.76544
1238.230003	.76457
1239.194356	.7632
1240.158710	.7612
1241.123064	.75844
1242.087417	.75502
1243.051771	.75088
1244.016124	.74587
1244.980478	.74005
1245.944831	.73323
1246.909185	.72504
1247.873539	.715
1248.837892	.70225
1249.802246	.68556
1250.766599	.66334
1251.730953	.63392
1252.695307	.59774
1253.659660	.55984
1254.624014	.53002
1255.588367	.51817
1256.552721	.52777
1257.517075	.55408
1258.481428	.58808
1259.445782	.62166
1260.410135	.65019
1261.374489	.67231
1262.338842	.68891
1263.303196	.70141
1264.267550	.71095
1265.231903	.71848
1266.196257	.72455
1267.160610	.72936
1268.124964	.73303
1269.089318	.73563
1270.053671	.73742
1271.018025	.73865
1271.982378	.73943
1272.946732	.73971
1273.911085	.73959
1274.875439	.73907
1275.839793	.73798
1276.804146	.73623
1277.768500	.73388
1278.732853	.73115
1279.697207	.72832
1280.661561	.72521
1281.625914	.72151
1282.590268	.71715
1283.554621	.71242
1284.518975	.70743
1285.483328	.70177
1286.447682	.6951
1287.412036	.68746
1288.376389	.6786
1289.340743	.66795
1290.305096	.65531
1291.269450	.64072
1292.233804	.62442
1293.198157	.60763
1294.162511	.5925
1295.126864	.58088
1296.091218	.57362
1297.055572	.57049
1298.019925	.56995
1298.984279	.56908
1299.948632	.56391
1300.912986	.55041
1301.877339	.52724
1302.841693	.50005
1303.806047	.48296
1304.770400	.49061
1305.734754	.52572
1306.699107	.57625
1307.663461	.62564
1308.627815	.66402
1309.592168	.69
1310.556522	.70635
1311.520875	.71614
1312.485229	.72128
1313.449582	.72254
1314.413936	.72053
1315.378290	.71632
1316.342643	.71087
1317.306997	.70476
1318.271350	.69841
1319.235704	.69187
1320.200058	.6847
1321.164411	.67646
1322.128765	.66655
1323.093118	.65396
1324.057472	.63846
1325.021825	.62134
1325.986179	.60429
1326.950533	.58809
1327.914886	.57321
1328.879240	.56155
1329.843593	.55654
1330.807947	.56063
1331.772301	.57242
1332.736654	.5877
1333.701008	.60267
1334.665361	.61536
1335.629715	.62511
1336.594069	.63158
1337.558422	.6349
1338.522776	.63566
1339.487129	.63392
1340.451483	.6291
1341.415836	.62133
1342.380190	.61154
1343.344544	.59989
1344.308897	.58594
1345.273251	.56959
1346.237604	.55077
1347.201958	.52934
1348.166312	.50552
1349.130665	.47923
1350.095019	.4499
1351.059372	.41697
1352.023726	.37984
1352.988079	.33829
1353.952433	.29286
1354.916787	.24573
1355.881140	.20152
1356.845494	.16585
1357.809847	.14265
1358.774201	.13358
1359.738555	.13775
1360.702908	.15241
1361.667262	.17308
1362.631615	.19443
1363.595969	.21135
1364.560323	.22019
1365.524676	.22006
1366.489030	.20966
1367.453383	.18721
1368.417737	.15325
1369.382090	.11271
1370.346444	.073404
1371.310798	.041301
1372.275151	.019419
1373.239505	.0073318
1374.203858	.0021723
1375.168212	.0008285
1376.132566	.0007955
1377.096919	.0010061
1378.061273	.0011364
1379.025626	.0013486
1379.989980	.0027113
1380.954333	.0078666
1381.918687	.022089
1382.883041	.05065
1383.847394	.096035
1384.811748	.15465
1385.776101	.21885
1386.740455	.2836
1387.704809	.34435
1388.669162	.39373
1389.633516	.43234
1390.597869	.46494
1391.562223	.49239
1392.526576	.5153
1393.490930	.53583
1394.455284	.55415
1395.419637	.56752
1396.383991	.57668
1397.348344	.58536
1398.312698	.59454
1399.277052	.60185
1400.241405	.6057
1401.205759	.60838
1402.170112	.61186
1403.134466	.61597
1404.098820	.62031
1405.063173	.62332
1406.027527	.62397
1406.991880	.62391
1407.956234	.6243
1408.920587	.62486
1409.884941	.62501
1410.849295	.62477
1411.813648	.62419
1412.778002	.62318
1413.742355	.62181
1414.706709	.62027
1415.671063	.61883
1416.635416	.61742
1417.599770	.61691
1418.564123	.61742
1419.528477	.61374
1420.492830	.60359
1421.457184	.59345
1422.421538	.58594
1423.385891	.57825
1424.350245	.56747
1425.314598	.55324
1426.278952	.53644
1427.243306	.51657
1428.207659	.49257
1429.172013	.4619
1430.136366	.41974
1431.100720	.36545
1432.065073	.30202
1433.029427	.23496
1433.993781	.17696
1434.958134	.13936
1435.922488	.1225
1436.886841	.12062
1437.851195	.12476
1438.815549	.12775
1439.779902	.12659
1440.744256	.11961
1441.708609	.10688
1442.672963	.09031
1443.637317	.071941
1444.601670	.053592
1445.566024	.037196
1446.530377	.024016
1447.494731	.014493
1448.459084	.0082601
1449.423438	.0048555
1450.387792	.0031345
1451.352145	.0022556
1452.316499	.0019903
1453.280852	.0018844
1454.245206	.0018765
1455.209560	.0017796
1456.173913	.0017703
1457.138267	.00175
1458.102620	.0015773
1459.066974	.001541
1460.031327	.0014157
1460.995681	.0013402
1461.960035	.0013232
1462.924388	.0016246
1463.888742	.002426
1464.853095	.0037375
1465.817449	.0057808
1466.781803	.0093559
1467.746156	.016009
1468.710510	.027177
1469.674863	.043996
1470.639217	.067149
1471.603571	.099125
1472.567924	.14021
1473.532278	.18437
1474.496631	.22598
1475.460985	.26662
1476.425338	.30911
1477.389692	.34833
1478.354046	.38267
1479.318399	.4154
1480.282753	.44643
1481.247106	.47522
1482.211460	.50118
1483.175814	.52447
1484.140167	.54589
1485.104521	.56601
1486.068874	.58581
1487.033228	.60513
1487.997581	.62216
1488.961935	.63743
1489.926289	.65237
1490.890642	.66364
1491.854996	.67081
1492.819349	.67831
1493.783703	.68776
1494.748057	.69957
1495.712410	.71333
1496.676764	.72388
1497.641117	.73003
1498.605471	.73634
1499.569824	.74146
1500.534178	.74498
1501.498532	.74976
1502.462885	.75539
1503.427239	.76226
1504.391592	.77352
1505.355946	.79071
1506.320300	.80625
1507.284653	.80849
1508.249007	.80295
1509.213360	.79897
1510.177714	.79802
1511.142068	.79969
1512.106421	.80265
1513.070775	.80413
1514.035128	.8054
1514.999482	.80931
1515.963835	.8156
1516.928189	.82094
1517.892543	.82078
1518.856896	.81997
1519.821250	.82581
1520.785603	.83495
1521.749957	.83678
1522.714311	.83063
1523.678664	.82575
1524.643018	.82619
1525.607371	.82803
1526.571725	.82723
1527.536078	.82586
1528.500432	.82438
1529.464786	.82218
1530.429139	.82164
1531.393493	.8241
1532.357846	.82941
1533.322200	.83421
1534.286554	.83236
1535.250907	.8266
1536.215261	.82399
1537.179614	.82743
1538.143968	.83786
1539.108321	.85062
1540.072675	.85352
1541.037029	.84976
1542.001382	.84656
1542.965736	.84186
1543.930089	.83888
1544.894443	.83898
1545.858797	.83702
1546.823150	.83358
1547.787504	.83326
1548.751857	.83653
1549.716211	.84029
1550.680565	.84087
1551.644918	.83964
1552.609272	.8417
1553.573625	.84787
1554.537979	.85136
1555.502332	.84988
1556.466686	.85372
1557.431040	.86785
1558.395393	.88279
1559.359747	.88448
1560.324100	.87154
1561.288454	.85586
1562.252808	.84759
1563.217161	.84665
1564.181515	.84881
1565.145868	.84965
1566.110222	.8483
1567.074575	.84808
1568.038929	.85207
1569.003283	.85849
1569.967636	.85932
1570.931990	.85319
1571.896343	.84805
1572.860697	.84642
1573.825051	.84745
1574.789404	.85287
1575.753758	.8604
1576.718111	.85885
1577.682465	.84985
1578.646819	.84407
1579.611172	.84222
1580.575526	.84168
1581.539879	.84141
1582.504233	.84113
1583.468586	.84095
1584.432940	.84105
1585.397294	.8413
1586.361647	.84141
1587.326001	.84146
1588.290354	.8417
1589.254708	.84214
1590.219062	.84253
1591.183415	.8427
1592.147769	.84293
1593.112122	.84359
1594.076476	.84441
1595.040829	.84464
1596.005183	.84432
1596.969537	.84416
1597.933890	.84446
1598.898244	.84507
1599.862597	.8458
1600.826951	.8465
1601.791305	.84692
1602.755658	.84709
1603.720012	.84712
1604.684365	.84719
1605.648719	.84761
1606.613072	.84818
1607.577426	.84861
1608.541780	.84902
1609.506133	.84914
1610.470487	.84844
1611.434840	.84749
1612.399194	.84686
1613.363548	.8466
1614.327901	.84783
1615.292255	.85315
1616.256608	.86039
1617.220962	.85865
1618.185316	.84955
1619.149669	.84371
1620.114023	.84155
1621.078376	.84091
1622.042730	.84254
1623.007083	.84506
1623.971437	.84286
1624.935791	.83671
1625.900144	.83291
1626.864498	.83255
1627.828851	.83192
1628.793205	.82866
1629.757559	.82517
1630.721912	.82324
1631.686266	.82216
1632.650619	.82217
1633.614973	.82607
1634.579326	.83518
1635.543680	.8403
1636.508034	.83347
1637.472387	.82459
1638.436741	.81882
1639.401094	.81502
1640.365448	.81238
1641.329802	.81004
1642.294155	.80758
1643.258509	.80548
1644.222862	.8062
1645.187216	.81179
1646.151569	.81811
1647.115923	.81934
1648.080277	.81736
1649.044630	.81546
1650.008984	.81649
1650.973337	.82473
1651.937691	.84368
1652.902045	.86392
1653.866398	.86068
1654.830752	.84571
1655.795105	.83642
1656.759459	.83363
1657.723813	.83403
1658.688166	.83514
1659.652520	.83664
1660.616873	.83936
1661.581227	.84436
1662.545580	.84892
1663.509934	.8482
1664.474288	.84478
1665.438641	.84331
1666.402995	.84408
1667.367348	.84748
1668.331702	.85401
1669.296056	.85829
1670.260409	.85608
1671.224763	.85205
1672.189116	.84854
1673.153470	.84698
1674.117823	.85103
1675.082177	.85621
1676.046531	.85204
1677.010884	.84367
1677.975238	.83967
1678.939591	.83953
1679.903945	.83992
1680.868299	.83926
1681.832652	.84067
1682.797006	.84802
1683.761359	.85782
1684.725713	.8565
1685.690067	.84293
1686.654420	.83282
1687.618774	.82953
1688.583127	.82844
1689.547481	.82674
1690.511834	.82432
1691.476188	.82174
1692.440542	.82008
1693.404895	.8208
1694.369249	.82643
1695.333602	.83515
1696.297956	.83474
1697.262310	.8259
1698.226663	.82354
1699.191017	.83316
1700.155370	.84389
1701.119724	.83348
1702.084077	.81694
1703.048431	.81049
1704.012785	.8107
1704.977138	.81132
1705.941492	.81011
1706.905845	.80651
1707.870199	.80171
1708.834553	.79871
1709.798906	.7977
1710.763260	.79687
1711.727613	.79672
1712.691967	.79943
1713.656320	.80608
1714.620674	.81474
1715.585028	.82277
1716.549381	.83258
1717.513735	.84446
1718.478088	.84911
1719.442442	.84594
1720.406796	.844
1721.371149	.84566
1722.335503	.84875
1723.299856	.85142
1724.264210	.85286
1725.228564	.85354
1726.192917	.85413
1727.157271	.85462
1728.121624	.85559
1729.085978	.85771
1730.050331	.85897
1731.014685	.85855
1731.979039	.86112
1732.943392	.87035
1733.907746	.87961
1734.872099	.87528
1735.836453	.86403
1736.800807	.858
1737.765160	.85778
1738.729514	.86112
1739.693867	.86378
1740.658221	.8611
1741.622574	.85766
1742.586928	.85811
1743.551282	.85964
1744.515635	.85983
1745.479989	.86048
1746.444342	.86268
1747.408696	.8658
1748.373050	.86854
1749.337403	.87038
1750.301757	.87316
1751.266110	.87493
1752.230464	.87141
1753.194817	.86675
1754.159171	.8653
1755.123525	.86679
1756.087878	.86995
1757.052232	.87142
1758.016585	.86979
1758.980939	.86838
1759.945293	.86999
1760.909646	.87465
1761.874000	.87785
1762.838353	.87585
1763.802707	.8729
1764.767061	.8724
1765.731414	.87359
1766.695768	.87668
1767.660121	.88099
1768.624475	.88248
1769.588828	.88224
1770.553182	.88579
1771.517536	.89275
1772.481889	.89574
1773.446243	.89094
1774.410596	.88551
1775.374950	.8837
1776.339304	.88269
1777.303657	.88093
1778.268011	.87963
1779.232364	.87929
1780.196718	.87905
1781.161071	.87745
1782.125425	.87522
1783.089779	.87487
1784.054132	.87713
1785.018486	.87951
1785.982839	.88002
1786.947193	.88048
1787.911547	.88204
1788.875900	.8842
1789.840254	.88743
1790.804607	.89214
1791.768961	.89716
1792.733315	.89831
1793.697668	.89408
1794.662022	.89024
1795.626375	.88944
1796.590729	.88923
1797.555082	.88898
1798.519436	.89025
1799.483790	.89217
1800.448143	.89267
1801.412497	.89225
1802.376850	.89142
1803.341204	.8899
1804.305558	.88882
1805.269911	.88873
1806.234265	.88903
1807.198618	.88938
1808.162972	.88953
1809.127325	.8901
1810.091679	.89135
1811.056033	.89177
1812.020386	.89071
1812.984740	.8894
1813.949093	.88859
1814.913447	.88832
1815.877801	.88847
1816.842154	.88872
1817.806508	.88866
1818.770861	.88812
1819.735215	.8875
1820.699568	.88721
1821.663922	.88718
1822.628276	.88719
1823.592629	.8881
1824.556983	.88998
1825.521336	.88959
1826.485690	.88613
1827.450044	.88395
1828.414397	.88556
1829.378751	.88859
1830.343104	.88801
1831.307458	.88391
1832.271812	.88095
1833.236165	.88029
1834.200519	.88038
1835.164872	.88064
1836.129226	.88127
1837.093579	.88196
1838.057933	.8822
1839.022287	.88226
1839.986640	.88256
1840.950994	.88328
1841.915347	.88509
1842.879701	.88965
1843.844055	.89504
1844.808408	.89445
1845.772762	.88937
1846.737115	.88675
1847.701469	.88659
1848.665822	.88621
1849.630176	.88549
1850.594530	.88517
1851.558883	.88524
1852.523237	.88543
1853.487590	.88574
1854.451944	.88613
1855.416298	.88637
1856.380651	.88654
1857.345005	.88695
1858.309358	.88757
1859.273712	.88821
1860.238065	.88874
1861.202419	.88911
1862.166773	.88947
1863.131126	.88989
1864.095480	.89037
1865.059833	.89133
1866.024187	.89312
1866.988541	.89548
1867.952894	.89818
1868.917248	.89986
1869.881601	.89834
1870.845955	.8951
1871.810309	.89318
1872.774662	.89262
1873.739016	.89236
1874.703369	.89215
1875.667723	.89191
1876.632076	.89166
1877.596430	.8915
1878.560784	.89134
1879.525137	.89097
1880.489491	.89042
1881.453844	.88984
1882.418198	.88933
1883.382552	.88892
1884.346905	.88833
1885.311259	.8874
1886.275612	.88637
1887.239966	.88551
1888.204319	.88525
1889.168673	.88521
1890.133027	.88371
1891.097380	.88117
1892.061734	.87957
1893.026087	.87933
1893.990441	.87994
1894.954795	.88071
1895.919148	.881
1896.883502	.88118
1897.847855	.88186
1898.812209	.8828
1899.776562	.88357
1900.740916	.88425
1901.705270	.88503
1902.669623	.88575
1903.633977	.88635
1904.598330	.88686
1905.562684	.88728
1906.527038	.88774
1907.491391	.88831
1908.455745	.88906
1909.420098	.88989
1910.384452	.89025
1911.348806	.88999
1912.313159	.88983
1913.277513	.89015
1914.241866	.89073
1915.206220	.89141
1916.170573	.89284
1917.134927	.89557
1918.099281	.89728
1919.063634	.89608
1920.027988	.89441
1920.992341	.89452
1921.956695	.89585
1922.921049	.89671
1923.885402	.89624
1924.849756	.89551
1925.814109	.89545
1926.778463	.89569
1927.742816	.89587
1928.707170	.89599
1929.671524	.89606
1930.635877	.89615
1931.600231	.89631
1932.564584	.89652
1933.528938	.89665
1934.493292	.89656
1935.457645	.89628
1936.421999	.89597
1937.386352	.89558
1938.350706	.89522
1939.315060	.89514
1940.279413	.89545
1941.243767	.89645
1942.208120	.89743
1943.172474	.89667
1944.136827	.89487
1945.101181	.89389
1946.065535	.89351
1947.029888	.89306
1947.994242	.89268
1948.958595	.89247
1949.922949	.8923
1950.887303	.89215
1951.851656	.89208
1952.816010	.89211
1953.780363	.89225
1954.744717	.89247
1955.709070	.89271
1956.673424	.89296
1957.637778	.89331
1958.602131	.89387
1959.566485	.89459
1960.530838	.89542
1961.495192	.8963
1962.459546	.89711
1963.423899	.89784
1964.388253	.89867
1965.352606	.89985
1966.316960	.90129
1967.281313	.90223
1968.245667	.9023
1969.210021	.90231
1970.174374	.90286
1971.138728	.90351
1972.103081	.9039
1973.067435	.90411
1974.031789	.90431
1974.996142	.90453
1975.960496	.90471
1976.924849	.90481
1977.889203	.90483
1978.853557	.90463
1979.817910	.90426
1980.782264	.90397
1981.746617	.90366
1982.710971	.90323
1983.675324	.9027
1984.639678	.90206
1985.604032	.90146
1986.568385	.90101
1987.532739	.90054
1988.497092	.89979
1989.461446	.89898
1990.425800	.8987
1991.390153	.89875
1992.354507	.89805
1993.318860	.89653
1994.283214	.89524
1995.247567	.89463
1996.211921	.89437
1997.176275	.89404
1998.140628	.89369
1999.104982	.89351
2000.069335	.8934
2001.033689	.89327
2001.998043	.89323
2002.962396	.89335
2003.926750	.89359
2004.891103	.89385
2005.855457	.89403
2006.819810	.89404
2007.784164	.89398
2008.748518	.8942
2009.712871	.89473
2010.677225	.89519
2011.641578	.89557
2012.605932	.89613
2013.570286	.89676
2014.534639	.89741
2015.498993	.89837
2016.463346	.89953
2017.427700	.90039
2018.392054	.90085
2019.356407	.90118
2020.320761	.90144
2021.285114	.90176
2022.249468	.90219
2023.213821	.9026
2024.178175	.90291
2025.142529	.90321
2026.106882	.90354
2027.071236	.90375
2028.035589	.90376
2028.999943	.90383
2029.964297	.90414
2030.928650	.90449
2031.893004	.90477
2032.857357	.90494
2033.821711	.90493
2034.786064	.90476
2035.750418	.90465
2036.714772	.90462
2037.679125	.90433
2038.643479	.90379
2039.607832	.90328
2040.572186	.90287
2041.536540	.90238
2042.500893	.90162
2043.465247	.90063
2044.429600	.89967
2045.393954	.89877
2046.358308	.89777
2047.322661	.89683
2048.287015	.89607
2049.251368	.89534
2050.215722	.89461
2051.180075	.89402
2052.144429	.8935
2053.108783	.89298
2054.073136	.89252
2055.037490	.89217
2056.001843	.89201
2056.966197	.89205
2057.930551	.89207
2058.894904	.89205
2059.859258	.89219
2060.823611	.89251
2061.787965	.89285
2062.752318	.89312
2063.716672	.89349
2064.681026	.89405
2065.645379	.89457
2066.609733	.89504
2067.574086	.89561
2068.538440	.89605
2069.502794	.89637
2070.467147	.89691
2071.431501	.89761
2072.395854	.89821
2073.360208	.89858
2074.324561	.89881
2075.288915	.89909
2076.253269	.89929
2077.217622	.89927
2078.181976	.89933
2079.146329	.89945
2080.110683	.89924
2081.075037	.89886
2082.039390	.8986
2083.003744	.89823
2083.968097	.89769
2084.932451	.8972
2085.896805	.89666
2086.861158	.89599
2087.825512	.89552
2088.789865	.89532
2089.754219	.89499
2090.718572	.89432
2091.682926	.89352
2092.647280	.89283
2093.611633	.89234
2094.575987	.89188
2095.540340	.89118
2096.504694	.89028
2097.469048	.88935
2098.433401	.88838
2099.397755	.88743
2100.362108	.88656
2101.326462	.88579
2102.290815	.88499
2103.255169	.88408
2104.219523	.8832
2105.183876	.88244
2106.148230	.88172
2107.112583	.88098
2108.076937	.88028
2109.041291	.87961
2110.005644	.879
2110.969998	.87846
2111.934351	.87797
2112.898705	.8775
2113.863058	.87696
2114.827412	.87629
2115.791766	.87555
2116.756119	.87488
2117.720473	.87423
2118.684826	.87354
2119.649180	.87281
2120.613534	.87195
2121.577887	.87081
2122.542241	.86951
2123.506594	.86824
2124.470948	.86694
2125.435302	.86551
2126.399655	.86416
2127.364009	.86315
2128.328362	.86252
2129.292716	.8622
2130.257069	.86218
2131.221423	.86245
2132.185777	.86309
2133.150130	.8641
2134.114484	.86531
2135.078837	.86671
2136.043191	.86832
2137.007545	.87
2137.971898	.87161
2138.936252	.87313
2139.900605	.87462
2140.864959	.87602
2141.829312	.87708
2142.793666	.87768
2143.758020	.87802
2144.722373	.87813
2145.686727	.87787
2146.651080	.87737
2147.615434	.87664
2148.579788	.87544
2149.544141	.87395
2150.508495	.8725
2151.472848	.87089
2152.437202	.86904
2153.401556	.86726
2154.365909	.86559
2155.330263	.86382
2156.294616	.86205
2157.258970	.86058
2158.223323	.85932
2159.187677	.85799
2160.152031	.85664
2161.116384	.85535
2162.080738	.85393
2163.045091	.85218
2164.009445	.85024
2164.973799	.84843
2165.938152	.84683
2166.902506	.8452
2167.866859	.84367
2168.831213	.84259
2169.795566	.84204
2170.759920	.84181
2171.724274	.84176
2172.688627	.84196
2173.652981	.84245
2174.617334	.84316
2175.581688	.84394
2176.546042	.84481
2177.510395	.846
2178.474749	.8473
2179.439102	.8483
2180.403456	.84913
2181.367809	.85004
2182.332163	.85091
2183.296517	.85177
2184.260870	.85283
2185.225224	.85401
2186.189577	.85511
2187.153931	.85606
2188.118285	.85686
2189.082638	.85768
2190.046992	.85864
2191.011345	.85956
2191.975699	.86034
2192.940053	.86107
2193.904406	.86166
2194.868760	.86197
2195.833113	.86205
2196.797467	.86203
2197.761820	.86207
2198.726174	.86223
2199.690528	.86234
2200.654881	.86224
2201.619235	.86199
2202.583588	.86189
2203.547942	.86209
2204.512296	.86233
2205.476649	.86234
2206.441003	.86219
2207.405356	.86204
2208.369710	.86176
2209.334063	.86139
2210.298417	.86103
2211.262771	.86059
2212.227124	.86002
2213.191478	.85938
2214.155831	.85867
2215.120185	.85797
2216.084539	.85744
2217.048892	.85702
2218.013246	.8565
2218.977599	.85575
2219.941953	.85489
2220.906306	.85418
2221.870660	.85367
2222.835014	.85312
2223.799367	.85244
2224.763721	.85177
2225.728074	.8511
2226.692428	.85023
2227.656782	.84948
2228.621135	.84933
2229.585489	.84958
2230.549842	.84996
2231.514196	.85057
2232.478550	.85146
2233.442903	.85259
2234.407257	.85404
2235.371610	.85561
2236.335964	.85701
2237.300317	.85827
2238.264671	.85948
2239.229025	.86065
2240.193378	.86156
2241.157732	.86206
2242.122085	.86234
2243.086439	.86261
2244.050793	.86283
2245.015146	.86292
2245.979500	.86288
2246.943853	.86236
2247.908207	.8611
2248.872560	.8595
2249.836914	.85809
2250.801268	.85689
2251.765621	.85568
2252.729975	.85429
2253.694328	.85291
2254.658682	.85197
2255.623036	.85158
2256.587389	.85138
2257.551743	.8512
2258.516096	.85111
2259.480450	.85116
2260.444804	.85127
2261.409157	.85153
2262.373511	.85191
2263.337864	.85213
2264.302218	.85196
2265.266571	.85151
2266.230925	.85101
2267.195279	.85056
2268.159632	.85005
2269.123986	.84955
2270.088339	.84933
2271.052693	.84942
2272.017047	.84974
2272.981400	.85027
2273.945754	.85094
2274.910107	.85174
2275.874461	.85254
2276.838814	.85337
2277.803168	.85435
2278.767522	.85523
2279.731875	.85582
2280.696229	.85632
2281.660582	.85685
2282.624936	.85732
2283.589290	.85796
2284.553643	.85883
2285.517997	.8598
2286.482350	.86087
2287.446704	.86189
2288.411057	.86288
2289.375411	.86397
2290.339765	.8652
2291.304118	.86637
2292.268472	.86752
2293.232825	.86887
2294.197179	.87025
2295.161533	.87146
2296.125886	.87256
2297.090240	.87391
2298.054593	.87551
2299.018947	.87704
2299.983301	.87868
2300.947654	.88033
2301.912008	.88171
2302.876361	.88315
2303.840715	.88505
2304.805068	.88721
2305.769422	.88949
2306.733776	.89181
2307.698129	.8938
2308.662483	.89565
2309.626836	.89749
2310.591190	.89935
2311.555544	.90107
2312.519897	.90209
2313.484251	.90217
2314.448604	.90166
2315.412958	.90166
2316.377311	.90258
2317.341665	.90425
2318.306019	.90676
2319.270372	.90962
2320.234726	.91224
2321.199079	.91402
2322.163433	.91471
2323.127787	.91454
2324.092140	.91356
2325.056494	.91241
2326.020847	.91243
2326.985201	.91391
2327.949554	.91568
2328.913908	.91739
2329.878262	.91911
2330.842615	.91999
2331.806969	.91937
2332.771322	.91787
2333.735676	.91653
2334.700030	.91645
2335.664383	.9184
2336.628737	.92044
2337.593090	.92074
2338.557444	.92103
2339.521798	.92255
2340.486151	.92414
2341.450505	.92491
2342.414858	.92511
2343.379212	.92457
2344.343565	.9228
2345.307919	.91832
2346.272273	.9093
2347.236626	.89697
2348.200980	.88717
2349.165333	.88583
2350.129687	.89277
2351.094041	.9025
2352.058394	.91094
2353.022748	.91832
2353.987101	.92567
2354.951455	.93305
2355.915808	.93941
2356.880162	.94448
2357.844516	.94858
2358.808869	.95111
2359.773223	.95131
2360.737576	.94996
2361.701930	.94844
2362.666284	.94683
2363.630637	.9441
2364.594991	.94003
2365.559344	.93525
2366.523698	.93003
2367.488052	.92436
2368.452405	.91791
2369.416759	.91083
2370.381112	.90365
2371.345466	.89652
2372.309819	.88933
2373.274173	.88236
2374.238527	.87594
2375.202880	.86985
2376.167234	.86393
2377.131587	.85837
2378.095941	.85326
2379.060295	.84837
2380.024648	.84345
2380.989002	.83848
2381.953355	.83369
2382.917709	.82957
2383.882062	.82637
2384.846416	.82394
2385.810770	.82205
2386.775123	.82052
2387.739477	.81924
2388.703830	.81817
2389.668184	.8173
2390.632538	.81658
2391.596891	.81606
2392.561245	.81566
2393.525598	.8151
2394.489952	.81438
2395.454305	.81374
2396.418659	.81339
2397.383013	.81336
2398.347366	.81359
2399.311720	.81387
2400.276073	.81405
2401.240427	.81428
2402.204781	.81477
2403.169134	.8155
2404.133488	.8164
2405.097841	.81737
2406.062195	.81827
2407.026549	.81909
2407.990902	.81983
2408.955256	.82053
2409.919609	.82119
2410.883963	.82171
2411.848316	.8221
2412.812670	.82228
2413.777024	.82216
2414.741377	.82189
2415.705731	.82137
2416.670084	.82039
2417.634438	.81911
2418.598792	.81772
2419.563145	.81624
2420.527499	.81465
2421.491852	.81295
2422.456206	.81112
2423.420559	.80934
2424.384913	.8078
2425.349267	.80646
2426.313620	.80522
2427.277974	.80421
2428.242327	.80361
2429.206681	.80333
2430.171035	.80328
2431.135388	.80366
2432.099742	.80448
2433.064095	.80544
2434.028449	.80667
2434.992802	.80852
2435.957156	.81067
2436.921510	.81264
2437.885863	.81453
2438.850217	.81636
2439.814570	.81794
2440.778924	.81937
2441.743278	.82072
2442.707631	.82189
2443.671985	.82289
2444.636338	.82372
2445.600692	.82436
2446.565046	.82503
2447.529399	.82593
2448.493753	.82683
2449.458106	.82756
2450.422460	.82832
2451.386813	.82915
2452.351167	.82989
2453.315521	.83049
2454.279874	.83101
2455.244228	.83163
2456.208581	.83238
2457.172935	.83307
2458.137289	.8336
2459.101642	.83424
2460.065996	.83506
2461.030349	.83585
2461.994703	.83653
2462.959056	.83704
2463.923410	.83733
2464.887764	.83762
2465.852117	.83793
2466.816471	.83802
2467.780824	.83787
2468.745178	.83762
2469.709532	.83724
2470.673885	.83657
2471.638239	.83571
2472.602592	.83492
2473.566946	.83398
2474.531300	.83275
2475.495653	.83156
2476.460007	.83048
2477.424360	.82944
2478.388714	.82855
2479.353067	.82775
2480.317421	.82699
2481.281775	.82628
2482.246128	.82559
2483.210482	.82493
2484.174835	.82426
2485.139189	.82358
2486.103543	.82304
2487.067896	.82257
2488.032250	.82201
2488.996603	.82151
2489.960957	.82125
2490.925310	.82123
2491.889664	.82139
2492.854018	.82163
2493.818371	.82195
2494.782725	.82248
2495.747078	.82326
2496.711432	.82421
2497.675786	.82517
2498.640139	.82595
2499.604493	.8267
2500.568846	.82753
2501.533200	.82816
2502.497553	.8284
2503.461907	.82842
2504.426261	.82843
2505.390614	.82844
2506.354968	.82825
2507.319321	.82775
2508.283675	.82713
2509.248029	.82672
2510.212382	.82639
2511.176736	.8259
2512.141089	.82517
2513.105443	.8241
2514.069797	.82283
2515.034150	.82167
2515.998504	.82037
2516.962857	.81855
2517.927211	.81623
2518.891564	.8137
2519.855918	.81132
2520.820272	.80908
2521.784625	.80663
2522.748979	.80396
2523.713332	.80137
2524.677686	.79913
2525.642040	.79714
2526.606393	.7953
2527.570747	.79364
2528.535100	.79193
2529.499454	.7901
2530.463807	.78845
2531.428161	.78707
2532.392515	.78566
2533.356868	.78411
2534.321222	.78261
2535.285575	.78129
2536.249929	.78027
2537.214283	.77942
2538.178636	.77849
2539.142990	.77746
2540.107343	.77639
2541.071697	.77529
2542.036050	.77417
2543.000404	.77297
2543.964758	.77158
2544.929111	.76977
2545.893465	.76747
2546.857818	.76488
2547.822172	.76219
2548.786526	.75947
2549.750879	.75686
2550.715233	.75442
2551.679586	.75217
2552.643940	.75028
2553.608294	.74872
2554.572647	.7473
2555.537001	.74602
2556.501354	.74488
2557.465708	.74382
2558.430061	.7428
2559.394415	.7418
2560.358769	.74081
2561.323122	.73965
2562.287476	.73811
2563.251829	.73619
2564.216183	.73383
2565.180537	.73101
2566.144890	.72779
2567.109244	.72423
2568.073597	.72022
2569.037951	.71574
2570.002304	.71082
2570.966658	.70541
2571.931012	.69939
2572.895365	.69301
2573.859719	.68663
2574.824072	.68009
2575.788426	.6733
2576.752780	.66655
2577.717133	.66
2578.681487	.65393
2579.645840	.64888
2580.610194	.64526
2581.574547	.64349
2582.538901	.64396
2583.503255	.64654
2584.467608	.65086
2585.431962	.65641
2586.396315	.66258
2587.360669	.66901
2588.325023	.67551
2589.289376	.68172
2590.253730	.68721
2591.218083	.69189
2592.182437	.69609
2593.146791	.69996
2594.111144	.70329
2595.075498	.70587
2596.039851	.7078
2597.004205	.70929
2597.968558	.71044
2598.932912	.7111
2599.897266	.71108
2600.861619	.71036
2601.825973	.70899
2602.790326	.70711
2603.754680	.70465
2604.719034	.70151
2605.683387	.69781
2606.647741	.69366
2607.612094	.68916
2608.576448	.68451
2609.540801	.68003
2610.505155	.67602
2611.469509	.67259
2612.433862	.66983
2613.398216	.66784
2614.362569	.66657
2615.326923	.6659
2616.291277	.66569
2617.255630	.66585
2618.219984	.66637
2619.184337	.66704
2620.148691	.66778
2621.113045	.66878
2622.077398	.67012
2623.041752	.67179
2624.006105	.67375
2624.970459	.67575
2625.934812	.67775
2626.899166	.68004
2627.863520	.68244
2628.827873	.68457
2629.792227	.68641
2630.756580	.68816
2631.720934	.68971
2632.685288	.69094
2633.649641	.69184
2634.613995	.69232
2635.578348	.69229
2636.542702	.69155
2637.507055	.69005
2638.471409	.68803
2639.435763	.68565
2640.400116	.68297
2641.364470	.68014
2642.328823	.67741
2643.293177	.67504
2644.257531	.67311
2645.221884	.6716
2646.186238	.67035
2647.150591	.66913
2648.114945	.66773
2649.079298	.66593
2650.043652	.66363
2651.008006	.66092
2651.972359	.6579
2652.936713	.65451
2653.901066	.65085
2654.865420	.64731
2655.829774	.64416
2656.794127	.64131
2657.758481	.63882
2658.722834	.63705
2659.687188	.63624
2660.651542	.63617
2661.615895	.63663
2662.580249	.63748
2663.544602	.63857
2664.508956	.63986
2665.473309	.64116
2666.437663	.64213
2667.402017	.6425
2668.366370	.64211
2669.330724	.64114
2670.295077	.63978
2671.259431	.63792
2672.223785	.6355
2673.188138	.63293
2674.152492	.6307
2675.116845	.62887
2676.081199	.62725
2677.045552	.62587
2678.009906	.62508
2678.974260	.62498
2679.938613	.62529
2680.902967	.62575
2681.867320	.62621
2682.831674	.62663
2683.796028	.62695
2684.760381	.62699
2685.724735	.62658
2686.689088	.62592
2687.653442	.62547
2688.617795	.62529
2689.582149	.62525
2690.546503	.62547
2691.510856	.62613
2692.475210	.62702
2693.439563	.62773
2694.403917	.62805
2695.368271	.62799
2696.332624	.62754
2697.296978	.62648
2698.261331	.62458
2699.225685	.62188
2700.190039	.61854
2701.154392	.61445
2702.118746	.60969
2703.083099	.60457
2704.047453	.59911
2705.011806	.59323
2705.976160	.58699
2706.940514	.5805
2707.904867	.57376
2708.869221	.56676
2709.833574	.55939
2710.797928	.5513
2711.762282	.54236
2712.726635	.53277
2713.690989	.5225
2714.655342	.51116
2715.619696	.4986
2716.584049	.48479
2717.548403	.4697
2718.512757	.45344
2719.477110	.43687
2720.441464	.42192
2721.405817	.41066
2722.370171	.40465
2723.334525	.40488
2724.298878	.41122
2725.263232	.42217
2726.227585	.43572
2727.191939	.45004
2728.156293	.46394
2729.120646	.47674
2730.085000	.48792
2731.049353	.49733
2732.013707	.50546
2732.978060	.51287
2733.942414	.51996
2734.906768	.52683
2735.871121	.53365
2736.835475	.54087
2737.799828	.54866
2738.764182	.55674
2739.728536	.56488
2740.692889	.573
2741.657243	.58066
2742.621596	.58744
2743.585950	.5934
2744.550303	.59865
2745.514657	.60319
2746.479011	.60706
2747.443364	.61018
2748.407718	.61248
2749.372071	.61413
2750.336425	.61553
2751.300779	.61685
2752.265132	.61779
2753.229486	.61815
2754.193839	.61797
2755.158193	.61743
2756.122546	.61674
2757.086900	.61559
2758.051254	.61371
2759.015607	.6114
2759.979961	.60891
2760.944314	.60623
2761.908668	.60341
2762.873022	.60052
2763.837375	.5978
2764.801729	.59546
2765.766082	.59338
2766.730436	.59139
2767.694790	.5894
2768.659143	.58747
2769.623497	.58549
2770.587850	.58343
2771.552204	.58122
2772.516557	.57846
2773.480911	.57488
2774.445265	.57063
2775.409618	.56576
2776.373972	.56019
2777.338325	.55403
2778.302679	.54736
2779.267033	.54018
2780.231386	.5325
2781.195740	.52426
2782.160093	.51543
2783.124447	.506
2784.088800	.49591
2785.053154	.48499
2786.017508	.47311
2786.981861	.46027
2787.946215	.44678
2788.910568	.43305
2789.874922	.41932
2790.839276	.40595
2791.803629	.3936
2792.767983	.38267
2793.732336	.37345
2794.696690	.36607
2795.661043	.36017
2796.625397	.355
2797.589751	.34997
2798.554104	.34454
2799.518458	.33774
2800.482811	.32857
2801.447165	.3168
2802.411519	.30287
2803.375872	.28754
2804.340226	.27171
2805.304579	.25628
2806.268933	.24218
2807.233287	.22998
2808.197640	.21956
2809.161994	.21066
2810.126347	.20296
2811.090701	.19591
2812.055054	.18907
2813.019408	.18223
2813.983762	.17525
2814.948115	.16784
2815.912469	.15981
2816.876822	.1511
2817.841176	.14163
2818.805530	.13139
2819.769883	.1205
2820.734237	.10911
2821.698590	.097409
2822.662944	.085496
2823.627297	.073391
2824.591651	.061236
2825.556005	.049429
2826.520358	.038445
2827.484712	.028551
2828.449065	.019914
2829.413419	.012876
2830.377773	.0078072
2831.342126	.0045904
2832.306480	.0027388
2833.270833	.001847
2834.235187	.0016103
2835.199541	.0016953
2836.163894	.0017881
2837.128248	.001707
2838.092601	.0014536
2839.056955	.0012552
2840.021308	.0013308
2840.985662	.0016277
2841.950016	.0019058
2842.914369	.0019956
2843.878723	.0019259
2844.843076	.0019828
2845.807430	.0024138
2846.771784	.0031796
2847.736137	.0043745
2848.700491	.0062131
2849.664844	.0085291
2850.629198	.011065
2851.593551	.013644
2852.557905	.016122
2853.522259	.018129
2854.486612	.019073
2855.450966	.018679
2856.415319	.01701
2857.379673	.014287
2858.344027	.010998
2859.308380	.0077673
2860.272734	.0050533
2861.237087	.0030017
2862.201441	.0016608
2863.165794	.0010759
2864.130148	.0009471
2865.094502	.0008597
2866.058855	.000699
2867.023209	.0007328
2867.987562	.0006786
2868.951916	.0006169
2869.916270	.0008039
2870.880623	.0008937
2871.844977	.0008663
2872.809330	.0007886
2873.773684	.0007661
2874.738038	.0007333
2875.702391	.000648
2876.666745	.0005338
2877.631098	.0005958
2878.595452	.0007884
2879.559805	.0008336
2880.524159	.0007387
2881.488513	.0006568
2882.452866	.0005592
2883.417220	.0004652
2884.381573	.0005389
2885.345927	.0006871
2886.310281	.0007337
2887.274634	.0006844
2888.238988	.000624
2889.203341	.0005926
2890.167695	.0005055
2891.132048	.0005365
2892.096402	.0007927
2893.060756	.0010326
2894.025109	.0009999
2894.989463	.0007513
2895.953816	.0005383
2896.918170	.0004837
2897.882524	.0004936
2898.846877	.0005957
2899.811231	.0005975
2900.775584	.0004708
2901.739938	.00046
2902.704291	.0005931
2903.668645	.0006701
2904.632999	.0006769
2905.597352	.0007075
2906.561706	.0007137
2907.526059	.0006045
2908.490413	.0006289
2909.454767	.0006496
2910.419120	.0006326
2911.383474	.0006073
2912.347827	.0005821
2913.312181	.0005352
2914.276535	.0004692
2915.240888	.0004151
2916.205242	.0005015
2917.169595	.00065
2918.133949	.0007452
2919.098302	.0006978
2920.062656	.0005596
2921.027010	.0005273
2921.991363	.0005405
2922.955717	.0004788
2923.920070	.0005677
2924.884424	.0008167
2925.848778	.0008885
2926.813131	.0007101
2927.777485	.0006099
2928.741838	.0006664
2929.706192	.0007337
2930.670545	.0007391
2931.634899	.0006667
2932.599253	.0006091
2933.563606	.0006888
2934.527960	.0007681
2935.492313	.0006213
2936.456667	.0003941
2937.421021	.0004089
2938.385374	.0005281
2939.349728	.0005444
2940.314081	.0004711
2941.278435	.000484
2942.242789	.0005964
2943.207142	.0006829
2944.171496	.0006804
2945.135849	.0005999
2946.100203	.0005058
2947.064556	.0004834
2948.028910	.0005793
2948.993264	.0007952
2949.957617	.0008848
2950.921971	.0008981
2951.886324	.0008865
2952.850678	.000773
2953.815032	.000581
2954.779385	.0006554
2955.743739	.0008794
2956.708092	.0011159
2957.672446	.001262
2958.636799	.0012563
2959.601153	.0012216
2960.565507	.0012825
2961.529860	.0012829
2962.494214	.0012349
2963.458567	.0013593
2964.422921	.0016441
2965.387275	.0018748
2966.351628	.0019424
2967.315982	.0018782
2968.280335	.0018599
2969.244689	.0019198
2970.209042	.0019925
2971.173396	.0020124
2972.137750	.0019916
2973.102103	.0021738
2974.066457	.0027963
2975.030810	.0039257
2975.995164	.0057573
2976.959518	.0087339
2977.923871	.013152
2978.888225	.019234
2979.852578	.027138
2980.816932	.036901
2981.781286	.048512
2982.745639	.061869
2983.709993	.07675
2984.674346	.093023
2985.638700	.11056
2986.603053	.12907
2987.567407	.14818
2988.531761	.1677
2989.496114	.18772
2990.460468	.20797
2991.424821	.22804
2992.389175	.24784
2993.353529	.26736
2994.317882	.28648
2995.282236	.30509
2996.246589	.32295
2997.210943	.34014
2998.175296	.35704
2999.139650	.37352
3000.104004	.38922
3001.068357	.40398
3002.032711	.41804
3002.997064	.43182
3003.961418	.44543
3004.925772	.45859
3005.890125	.47108
3006.854479	.48297
3007.818832	.49455
3008.783186	.50585
3009.747539	.51672
3010.711893	.52715
3011.676247	.53714
3012.640600	.54665
3013.604954	.55592
3014.569307	.56505
3015.533661	.5738
3016.498015	.58211
3017.462368	.59013
3018.426722	.59776
3019.391075	.60491
3020.355429	.6118
3021.319783	.6186
3022.284136	.6252
3023.248490	.63132
3024.212843	.63698
3025.177197	.64255
3026.141550	.64805
3027.105904	.65315
3028.070258	.65787
3029.034611	.66259
3029.998965	.66732
3030.963318	.67152
3031.927672	.67514
3032.892026	.67869
3033.856379	.68215
3034.820733	.68536
3035.785086	.68853
3036.749440	.69151
3037.713793	.69407
3038.678147	.69635
3039.642501	.6986
3040.606854	.70091
3041.571208	.70315
3042.535561	.70526
3043.499915	.70718
3044.464269	.70876
3045.428622	.71032
3046.392976	.71216
3047.357329	.7139
3048.321683	.71542
3049.286037	.71694
3050.250390	.71843
3051.214744	.71985
3052.179097	.72127
3053.143451	.72281
3054.107804	.72443
3055.072158	.72593
3056.036512	.72731
3057.000865	.72886
3057.965219	.73072
3058.929572	.73268
3059.893926	.73436
3060.858280	.73573
3061.822633	.73713
3062.786987	.73887
3063.751340	.74081
3064.715694	.7425
3065.680047	.74371
3066.644401	.7449
3067.608755	.7464
3068.573108	.74795
3069.537462	.74921
3070.501815	.75024
3071.466169	.75133
3072.430523	.75252
3073.394876	.75382
3074.359230	.75506
3075.323583	.75588
3076.287937	.75637
3077.252290	.75709
3078.216644	.75805
3079.180998	.75869
3080.145351	.75909
3081.109705	.75977
3082.074058	.76043
3083.038412	.76065
3084.002766	.76077
3084.967119	.76102
3085.931473	.76122
3086.895826	.76139
3087.860180	.76152
3088.824534	.76154
3089.788887	.76152
3090.753241	.7616
3091.717594	.7617
3092.681948	.7617
3093.646301	.76166
3094.610655	.76172
3095.575009	.76186
3096.539362	.76176
3097.503716	.76137
3098.468069	.76099
3099.432423	.76086
3100.396777	.76098
3101.361130	.76112
3102.325484	.76094
3103.289837	.76058
3104.254191	.76031
3105.218544	.76002
3106.182898	.75948
3107.147252	.75889
3108.111605	.75865
3109.075959	.75865
3110.040312	.75846
3111.004666	.75789
3111.969020	.75716
3112.933373	.75649
3113.897727	.75591
3114.862080	.75525
3115.826434	.75426
3116.790787	.75313
3117.755141	.75216
3118.719495	.75111
3119.683848	.74982
3120.648202	.74864
3121.612555	.74766
3122.576909	.74641
3123.541263	.74469
3124.505616	.74299
3125.469970	.74173
3126.434323	.74047
3127.398677	.73877
3128.363031	.73692
3129.327384	.73541
3130.291738	.73415
3131.256091	.73286
3132.220445	.73164
3133.184798	.73053
3134.149152	.72937
3135.113506	.72825
3136.077859	.72719
3137.042213	.72617
3138.006566	.72533
3138.970920	.72464
3139.935274	.72412
3140.899627	.72391
3141.863981	.72398
3142.828334	.72421
3143.792688	.72461
3144.757041	.725
3145.721395	.72533
3146.685749	.72584
3147.650102	.72663
3148.614456	.72754
3149.578809	.72846
3150.543163	.72931
3151.507517	.73012
3152.471870	.73113
3153.436224	.7325
3154.400577	.73396
3155.364931	.73524
3156.329284	.73637
3157.293638	.73736
3158.257992	.7383
3159.222345	.73925
3160.186699	.74002
3161.151052	.74049
3162.115406	.74089
3163.079760	.74151
3164.044113	.74214
3165.008467	.74253
3165.972820	.74269
3166.937174	.74266
3167.901528	.74255
3168.865881	.7424
3169.830235	.74202
3170.794588	.74132
3171.758942	.74052
3172.723295	.7398
3173.687649	.739
3174.652003	.73807
3175.616356	.73715
3176.580710	.73623
3177.545063	.73532
3178.509417	.73439
3179.473771	.73323
3180.438124	.73206
3181.402478	.7312
3182.366831	.73041
3183.331185	.72957
3184.295538	.72893
3185.259892	.72842
3186.224246	.72763
3187.188599	.72662
3188.152953	.72598
3189.117306	.72587
3190.081660	.72581
3191.046014	.72551
3192.010367	.72522
3192.974721	.72528
3193.939074	.72572
3194.903428	.72647
3195.867782	.72743
3196.832135	.72847
3197.796489	.7296
3198.760842	.7308
3199.725196	.73229
3200.689549	.73415
3201.653903	.73598
3202.618257	.73779
3203.582610	.73992
3204.546964	.74215
3205.511317	.7442
3206.475671	.74626
3207.440025	.74851
3208.404378	.75108
3209.368732	.754
3210.333085	.75684
3211.297439	.7594
3212.261792	.76214
3213.226146	.76524
3214.190500	.76822
3215.154853	.77101
3216.119207	.77378
3217.083560	.7764
3218.047914	.77898
3219.012268	.78181
3219.976621	.78478
3220.940975	.78762
3221.905328	.79032
3222.869682	.79306
3223.834035	.79584
3224.798389	.79867
3225.762743	.80157
3226.727096	.80437
3227.691450	.80697
3228.655803	.80939
3229.620157	.81171
3230.584511	.81391
3231.548864	.81587
3232.513218	.81773
3233.477571	.8198
3234.441925	.82195
3235.406279	.8239
3236.370632	.82586
3237.334986	.8277
3238.299339	.82908
3239.263693	.83046
3240.228046	.8322
3241.192400	.83376
3242.156754	.83471
3243.121107	.83554
3244.085461	.83678
3245.049814	.83814
3246.014168	.83913
3246.978522	.83975
3247.942875	.8403
3248.907229	.84093
3249.871582	.84165
3250.835936	.84234
3251.800289	.84288
3252.764643	.84315
3253.728997	.84323
3254.693350	.84325
3255.657704	.84332
3256.622057	.84343
3257.586411	.84344
3258.550765	.8433
3259.515118	.84309
3260.479472	.84302
3261.443825	.84311
3262.408179	.84302
3263.372532	.84268
3264.336886	.84234
3265.301240	.84205
3266.265593	.84186
3267.229947	.84175
3268.194300	.84162
3269.158654	.84151
3270.123008	.84144
3271.087361	.84142
3272.051715	.84137
3273.016068	.84118
3273.980422	.84109
3274.944776	.84131
3275.909129	.84167
3276.873483	.84197
3277.837836	.84203
3278.802190	.84186
3279.766543	.84176
3280.730897	.84181
3281.695251	.84177
3282.659604	.84163
3283.623958	.84154
3284.588311	.84156
3285.552665	.84161
3286.517019	.84155
3287.481372	.84127
3288.445726	.84088
3289.410079	.84043
3290.374433	.83998
3291.338786	.83987
3292.303140	.84011
3293.267494	.8404
3294.231847	.84075
3295.196201	.84127
3296.160554	.84178
3297.124908	.84202
3298.089262	.84219
3299.053615	.84284
3300.017969	.8439
3300.982322	.84489
3301.946676	.84577
3302.911030	.84642
3303.875383	.84685
3304.839737	.84758
3305.804090	.84856
3306.768444	.84919
3307.732797	.84949
3308.697151	.85017
3309.661505	.85137
3310.625858	.85236
3311.590212	.85261
3312.554565	.85253
3313.518919	.85281
3314.483273	.85344
3315.447626	.85396
3316.411980	.85421
3317.376333	.8543
3318.340687	.85441
3319.305040	.85435
3320.269394	.85394
3321.233748	.85348
3322.198101	.85324
3323.162455	.85297
3324.126808	.85247
3325.091162	.85195
3326.055516	.85154
3327.019869	.85089
3327.984223	.84964
3328.948576	.84805
3329.912930	.84648
3330.877283	.84505
3331.841637	.8438
3332.805991	.84271
3333.770344	.84173
3334.734698	.84072
3335.699051	.83943
3336.663405	.83803
3337.627759	.83701
3338.592112	.83639
3339.556466	.83571
3340.520819	.83481
3341.485173	.83406
3342.449527	.83366
3343.413880	.83344
3344.378234	.83325
3345.342587	.83309
3346.306941	.83295
3347.271294	.83296
3348.235648	.83328
3349.200002	.83377
3350.164355	.83421
3351.128709	.83468
3352.093062	.83527
3353.057416	.83591
3354.021770	.83651
3354.986123	.83715
3355.950477	.83795
3356.914830	.83876
3357.879184	.83944
3358.843537	.8402
3359.807891	.84102
3360.772245	.8417
3361.736598	.84223
3362.700952	.84263
3363.665305	.84308
3364.629659	.84365
3365.594013	.84413
3366.558366	.84442
3367.522720	.84452
3368.487073	.84463
3369.451427	.84515
3370.415780	.84609
3371.380134	.84699
3372.344488	.84763
3373.308841	.84795
3374.273195	.84802
3375.237548	.84834
3376.201902	.84905
3377.166256	.84965
3378.130609	.84981
3379.094963	.84964
3380.059316	.84964
3381.023670	.85005
3381.988024	.85052
3382.952377	.85089
3383.916731	.85106
3384.881084	.85099
3385.845438	.8508
3386.809791	.85055
3387.774145	.85027
3388.738499	.85
3389.702852	.84967
3390.667206	.8493
3391.631559	.84928
3392.595913	.84958
3393.560267	.84958
3394.524620	.84915
3395.488974	.84872
3396.453327	.84847
3397.417681	.84816
3398.382034	.84766
3399.346388	.84718
3400.310742	.84694
3401.275095	.84697
3402.239449	.84699
3403.203802	.84691
3404.168156	.8469
3405.132510	.84684
3406.096863	.84659
3407.061217	.84631
3408.025570	.84625
3408.989924	.84649
3409.954278	.84682
3410.918631	.84716
3411.882985	.84748
3412.847338	.84765
3413.811692	.84771
3414.776045	.84786
3415.740399	.84829
3416.704753	.84895
3417.669106	.84971
3418.633460	.85062
3419.597813	.85161
3420.562167	.85245
3421.526521	.85318
3422.490874	.85382
3423.455228	.85422
3424.419581	.85457
3425.383935	.85498
3426.348288	.85552
3427.312642	.85646
3428.276996	.8576
3429.241349	.85847
3430.205703	.85909
3431.170056	.8595
3432.134410	.8597
3433.098764	.85997
3434.063117	.86045
3435.027471	.86112
3435.991824	.86193
3436.956178	.86282
3437.920531	.86369
3438.884885	.86428
3439.849239	.86464
3440.813592	.86532
3441.777946	.8663
3442.742299	.8669
3443.706653	.86717
3444.671007	.86777
3445.635360	.86871
3446.599714	.86945
3447.564067	.86964
3448.528421	.86962
3449.492775	.86991
3450.457128	.87057
3451.421482	.87126
3452.385835	.87179
3453.350189	.87219
3454.314542	.87262
3455.278896	.87306
3456.243250	.8733
3457.207603	.87361
3458.171957	.87425
3459.136310	.87496
3460.100664	.87556
3461.065018	.87629
3462.029371	.87718
3462.993725	.87788
3463.958078	.8783
3464.922432	.87859
3465.886785	.87884
3466.851139	.87896
3467.815493	.87907
3468.779846	.87962
3469.744200	.88048
3470.708553	.88105
3471.672907	.88142
3472.637261	.88203
3473.601614	.88284
3474.565968	.88343
3475.530321	.88356
3476.494675	.8835
3477.459028	.88363
3478.423382	.884
3479.387736	.88452
3480.352089	.88514
3481.316443	.88591
3482.280796	.88639
3483.245150	.88621
3484.209504	.886
3485.173857	.88611
3486.138211	.88646
3487.102564	.88715
3488.066918	.88758
3489.031272	.88743
3489.995625	.88719
3490.959979	.88702
3491.924332	.88687
3492.888686	.88673
3493.853039	.88659
3494.817393	.88675
3495.781747	.88725
3496.746100	.88736
3497.710454	.8869
3498.674807	.88671
3499.639161	.88705
3500.603515	.88743
3501.567868	.88783
3502.532222	.8883
3503.496575	.8884
3504.460929	.88799
3505.425282	.88739
3506.389636	.88699
3507.353990	.88716
3508.318343	.88787
3509.282697	.88839
3510.247050	.88842
3511.211404	.8884
3512.175758	.88843
3513.140111	.88845
3514.104465	.88871
3515.068818	.88907
3516.033172	.88919
3516.997526	.88914
3517.961879	.88919
3518.926233	.88952
3519.890586	.89006
3520.854940	.89053
3521.819293	.89071
3522.783647	.89096
3523.748001	.89143
3524.712354	.89158
3525.676708	.89139
3526.641061	.89145
3527.605415	.89189
3528.569769	.89226
3529.534122	.89194
3530.498476	.89106
3531.462829	.89057
3532.427183	.89085
3533.391536	.89145
3534.355890	.89201
3535.320244	.89261
3536.284597	.89312
3537.248951	.89299
3538.213304	.89245
3539.177658	.89224
3540.142012	.89219
3541.106365	.89208
3542.070719	.89237
3543.035072	.89325
3543.999426	.89444
3544.963779	.89564
3545.928133	.89654
3546.892487	.89655
3547.856840	.89554
3548.821194	.8947
3549.785547	.8949
3550.749901	.89563
3551.714255	.8961
3552.678608	.8958
3553.642962	.8951
3554.607315	.89477
3555.571669	.89476
3556.536023	.89477
3557.500376	.8949
3558.464730	.89535
3559.429083	.89603
3560.393437	.89654
3561.357790	.89673
3562.322144	.89691
3563.286498	.8973
3564.250851	.89844
3565.215205	.90122
3566.179558	.90458
3567.143912	.90616
3568.108266	.90465
3569.072619	.90102
3570.036973	.89814
3571.001326	.89707
3571.965680	.89673
3572.930033	.89673
3573.894387	.89706
3574.858741	.89727
3575.823094	.89728
3576.787448	.89717
3577.751801	.89706
3578.716155	.89745
3579.680509	.89816
3580.644862	.89831
3581.609216	.89807
3582.573569	.89822
3583.537923	.89869
3584.502276	.89984
3585.466630	.90288
3586.430984	.90682
3587.395337	.9091
3588.359691	.90864
3589.324044	.90545
3590.288398	.90186
3591.252752	.90063
3592.217105	.90146
3593.181459	.90263
3594.145812	.90349
3595.110166	.90395
3596.074520	.9033
3597.038873	.90191
3598.003227	.90128
3598.967580	.90164
3599.931934	.90222
3600.896287	.90206
3601.860641	.90081
3602.824995	.89936
3603.789348	.89847
3604.753702	.89858
3605.718055	.90017
3606.682409	.90252
3607.646763	.90449
3608.611116	.90563
3609.575470	.90431
3610.539823	.90136
3611.504177	.90107
3612.468530	.9027
3613.432884	.90213
3614.397238	.9
3615.361591	.89877
3616.325945	.89937
3617.290298	.90175
3618.254652	.90437
3619.219006	.90532
3620.183359	.90318
3621.147713	.89898
3622.112066	.89558
3623.076420	.89383
3624.040774	.89322
3625.005127	.89346
3625.969481	.89474
3626.933834	.8986
3627.898188	.90614
3628.862541	.91167
3629.826895	.90662
3630.791249	.89643
3631.755602	.89044
3632.719956	.88945
3633.684309	.88945
3634.648663	.88763
3635.613017	.88551
3636.577370	.88501
3637.541724	.88545
3638.506077	.88559
3639.470431	.88552
3640.434784	.88568
3641.399138	.88613
3642.363492	.88663
3643.327845	.88683
3644.292199	.88735
3645.256552	.88997
3646.220906	.89537
3647.185260	.90126
3648.149613	.9053
3649.113967	.90775
3650.078320	.9077
3651.042674	.90313
3652.007027	.89572
3652.971381	.88992
3653.935735	.88824
3654.900088	.89053
3655.864442	.89421
3656.828795	.89396
3657.793149	.88962
3658.757503	.88615
3659.721856	.88471
3660.686210	.88409
3661.650563	.88397
3662.614917	.88397
3663.579271	.88339
3664.543624	.8824
3665.507978	.88169
3666.472331	.88198
3667.436685	.88438
3668.401038	.88863
3669.365392	.89276
3670.329746	.89396
3671.294099	.88909
3672.258453	.88238
3673.222806	.88208
3674.187160	.88976
3675.151514	.89758
3676.115867	.89423
3677.080221	.88403
3678.044574	.87784
3679.008928	.87605
3679.973281	.87433
3680.937635	.87163
3681.901989	.86993
3682.866342	.86966
3683.830696	.86967
3684.795049	.86954
3685.759403	.87043
3686.723757	.87458
3687.688110	.88146
3688.652464	.88441
3689.616817	.88178
3690.581171	.88012
3691.545524	.87854
3692.509878	.8744
3693.474232	.87102
3694.438585	.87004
3695.402939	.87005
3696.367292	.87014
3697.331646	.87019
3698.296000	.87043
3699.260353	.8713
3700.224707	.87345
3701.189060	.876
3702.153414	.87586
3703.117768	.87287
3704.082121	.87055
3705.046475	.87009
3706.010828	.87039
3706.975182	.87126
3707.939535	.87375
3708.903889	.87718
3709.868243	.87888
3710.832596	.88018
3711.796950	.88201
3712.761303	.87908
3713.725657	.87238
3714.690011	.86809
3715.654364	.86662
3716.618718	.86656
3717.583071	.86788
3718.547425	.86959
3719.511778	.87014
3720.476132	.87066
3721.440486	.87292
3722.404839	.87472
3723.369193	.8738
3724.333546	.87283
3725.297900	.87406
3726.262254	.87551
3727.226607	.87421
3728.190961	.87113
3729.155314	.8696
3730.119668	.87119
3731.084022	.87555
3732.048375	.87888
3733.012729	.87838
3733.977082	.87873
3734.941436	.8817
3735.905789	.88214
3736.870143	.87775
3737.834497	.87162
3738.798850	.8667
3739.763204	.86421
3740.727557	.8638
3741.691911	.86459
3742.656265	.86911
3743.620618	.88036
3744.584972	.88756
3745.549325	.87745
3746.513679	.86623
3747.478032	.86483
3748.442386	.87075
3749.406740	.87543
3750.371093	.87377
3751.335447	.8724
3752.299800	.87107
3753.264154	.86392
3754.228508	.85651
3755.192861	.85407
3756.157215	.85448
3757.121568	.8541
3758.085922	.85371
3759.050275	.85499
3760.014629	.85481
3760.978983	.85144
3761.943336	.84831
3762.907690	.84729
3763.872043	.84819
3764.836397	.85055
3765.800751	.85202
3766.765104	.85076
3767.729458	.85002
3768.693811	.85318
3769.658165	.85732
3770.622519	.85702
3771.586872	.8539
3772.551226	.85245
3773.515579	.85282
3774.479933	.85336
3775.444286	.85371
3776.408640	.85451
3777.372994	.85619
3778.337347	.85891
3779.301701	.86127
3780.266054	.86047
3781.230408	.85765
3782.194762	.85634
3783.159115	.85706
3784.123469	.8581
3785.087822	.85808
3786.052176	.85711
3787.016529	.85622
3787.980883	.8557
3788.945237	.85524
3789.909590	.85483
3790.873944	.85447
3791.838297	.85413
3792.802651	.85408
3793.767005	.8545
3794.731358	.85578
3795.695712	.85793
3796.660065	.85867
3797.624419	.85673
3798.588772	.8555
3799.553126	.85857
3800.517480	.86542
3801.481833	.86927
3802.446187	.86464
3803.410540	.85771
3804.374894	.85444
3805.339248	.8563
3806.303601	.86157
3807.267955	.86279
3808.232308	.857
3809.196662	.85142
3810.161016	.84924
3811.125369	.84862
3812.089723	.84872
3813.054076	.84973
3814.018430	.85248
3814.982783	.85839
3815.947137	.86333
3816.911491	.86066
3817.875844	.85574
3818.840198	.85596
3819.804551	.86171
3820.768905	.86799
3821.733259	.86717
3822.697612	.86028
3823.661966	.85502
3824.626319	.854
3825.590673	.85546
3826.555026	.85657
3827.519380	.85577
3828.483734	.85429
3829.448087	.85434
3830.412441	.85671
3831.376794	.8593
3832.341148	.85878
3833.305502	.85742
3834.269855	.85883
3835.234209	.86081
3836.198562	.86266
3837.162916	.86696
3838.127269	.86907
3839.091623	.86554
3840.055977	.86262
3841.020330	.86155
3841.984684	.86016
3842.949037	.85936
3843.913391	.85865
3844.877745	.85652
3845.842098	.85447
3846.806452	.85396
3847.770805	.85441
3848.735159	.85508
3849.699513	.8568
3850.663866	.86173
3851.628220	.87014
3852.592573	.87942
3853.556927	.88549
3854.521280	.87993
3855.485634	.86656
3856.449988	.85811
3857.414341	.85446
3858.378695	.85159
3859.343048	.8498
3860.307402	.85061
3861.271756	.85273
3862.236109	.85326
3863.200463	.85332
3864.164816	.85549
3865.129170	.85606
3866.093523	.85198
3867.057877	.84886
3868.022231	.85128
3868.986584	.85751
3869.950938	.86044
3870.915291	.85585
3871.879645	.85067
3872.843999	.8503
3873.808352	.85191
3874.772706	.85059
3875.737059	.84732
3876.701413	.84558
3877.665767	.84587
3878.630120	.84835
3879.594474	.8526
3880.558827	.85417
3881.523181	.85089
3882.487534	.84782
3883.451888	.84835
3884.416242	.85187
3885.380595	.85544
3886.344949	.85401
3887.309302	.84882
3888.273656	.84581
3889.238010	.84676
3890.202363	.85059
3891.166717	.85376
3892.131070	.85216
3893.095424	.84818
3894.059777	.8459
3895.024131	.84497
3895.988485	.84453
3896.952838	.84549
3897.917192	.84884
3898.881545	.85286
3899.845899	.85409
3900.810253	.85383
3901.774606	.85431
3902.738960	.85453
3903.703313	.85459
3904.667667	.85357
3905.632020	.85012
3906.596374	.8462
3907.560728	.84363
3908.525081	.84231
3909.489435	.84152
3910.453788	.84086
3911.418142	.84019
3912.382496	.83965
3913.346849	.83937
3914.311203	.83925
3915.275556	.83978
3916.239910	.8412
3917.204264	.84176
3918.168617	.84058
3919.132971	.83962
3920.097324	.8391
3921.061678	.83748
3922.026031	.83596
3922.990385	.83637
3923.954739	.83799
3924.919092	.83852
3925.883446	.83691
3926.847799	.83499
3927.812153	.835
3928.776507	.83637
3929.740860	.83733
3930.705214	.83819
3931.669567	.83968
3932.633921	.84032
3933.598274	.83917
3934.562628	.83779
3935.526982	.83742
3936.491335	.83784
3937.455689	.83852
3938.420042	.83915
3939.384396	.83962
3940.348750	.84025
3941.313103	.84176
3942.277457	.84369
3943.241810	.84415
3944.206164	.84314
3945.170517	.84248
3946.134871	.84313
3947.099225	.84457
3948.063578	.84539
3949.027932	.84526
3949.992285	.84497
3950.956639	.84451
3951.920993	.84378
3952.885346	.843
3953.849700	.84218
3954.814053	.84173
3955.778407	.84173
3956.742761	.84127
3957.707114	.84006
3958.671468	.8389
3959.635821	.83832
3960.600175	.838
3961.564528	.83745
3962.528882	.83656
3963.493236	.83589
3964.457589	.83574
3965.421943	.83541
3966.386296	.83451
3967.350650	.83367
3968.315004	.83324
3969.279357	.83283
3970.243711	.83231
3971.208064	.83203
3972.172418	.83203
3973.136771	.83182
3974.101125	.83125
3975.065479	.83066
3976.029832	.82995
3976.994186	.82904
3977.958539	.82816
3978.922893	.82713
3979.887247	.82577
3980.851600	.82434
3981.815954	.82306
3982.780307	.8221
3983.744661	.82107
3984.709015	.8195
3985.673368	.81777
3986.637722	.81623
3987.602075	.81483
3988.566429	.81382
3989.530782	.81337
3990.495136	.81308
3991.459490	.81244
3992.423843	.81171
3993.388197	.81161
3994.352550	.81214
3995.316904	.8128
3996.281258	.81315
3997.245611	.81335
3998.209965	.8141
3999.174318	.81531
4000.138672	.81645