2000.069336	.94714
2000.310424	.94552
2000.551513	.94362
2000.792601	.94209
2001.033690	.94089
2001.274778	.94238
2001.515866	.9437
2001.756955	.94476
2001.998043	.94569
2002.239132	.9461
2002.480220	.946
2002.721308	.94729
2002.962397	.94527
2003.203485	.94382
2003.444573	.94584
2003.685662	.94782
2003.926750	.94513
2004.167839	.94367
2004.408927	.94427
2004.650015	.94419
2004.891104	.94435
2005.132192	.94648
2005.373281	.94677
2005.614369	.94447
2005.855457	.94414
2006.096546	.94612
2006.337634	.94551
2006.578723	.94405
2006.819811	.94511
2007.060899	.94395
2007.301988	.9451
2007.543076	.94731
2007.784165	.94665
2008.025253	.94572
2008.266341	.94295
2008.507430	.94366
2008.748518	.94727
2008.989607	.94612
2009.230695	.94451
2009.471783	.94442
2009.712872	.94555
2009.953960	.94532
2010.195049	.94458
2010.436137	.94525
2010.677225	.94551
2010.918314	.94796
2011.159402	.94856
2011.400491	.94677
2011.641579	.94463
2011.882667	.94189
2012.123756	.94408
2012.364844	.94575
2012.605933	.94564
2012.847021	.94582
2013.088109	.94488
2013.329198	.94376
2013.570286	.9433
2013.811375	.94397
2014.052463	.94699
2014.293551	.9452
2014.534640	.943
2014.775728	.94363
2015.016817	.94572
2015.257905	.94772
2015.498993	.94682
2015.740082	.94493
2015.981170	.94295
2016.222258	.94448
2016.463347	.94519
2016.704435	.94493
2016.945524	.93936
2017.186612	.93971
2017.427700	.94538
2017.668789	.94462
2017.909877	.94499
2018.150966	.94649
2018.392054	.94447
2018.633142	.94422
2018.874231	.94479
2019.115319	.94261
2019.356408	.94285
2019.597496	.94572
2019.838584	.94807
2020.079673	.94827
2020.320761	.94753
2020.561850	.94745
2020.802938	.94413
2021.044026	.94213
2021.285115	.94475
2021.526203	.94445
2021.767292	.94441
2022.008380	.94646
2022.249468	.94572
2022.490557	.94504
2022.731645	.94559
2022.972734	.94089
2023.213822	.93738
2023.454910	.94262
2023.695999	.94507
2023.937087	.94377
2024.178176	.94287
2024.419264	.9454
2024.660352	.9444
2024.901441	.94266
2025.142529	.94348
2025.383618	.94391
2025.624706	.94677
2025.865794	.94718
2026.106883	.94518
2026.347971	.94486
2026.589060	.94451
2026.830148	.94473
2027.071236	.94721
2027.312325	.94772
2027.553413	.94559
2027.794502	.94124
2028.035590	.93929
2028.276678	.94176
2028.517767	.94317
2028.758855	.94366
2028.999943	.9449
2029.241032	.94465
2029.482120	.94397
2029.723209	.94481
2029.964297	.94388
2030.205385	.94493
2030.446474	.94536
2030.687562	.9447
2030.928651	.94214
2031.169739	.94104
2031.410827	.94642
2031.651916	.95159
2031.893004	.94885
2032.134093	.94549
2032.375181	.94114
2032.616269	.93666
2032.857358	.94022
2033.098446	.94344
2033.339535	.94435
2033.580623	.94265
2033.821711	.94248
2034.062800	.94263
2034.303888	.9441
2034.544977	.94542
2034.786065	.94567
2035.027153	.94502
2035.268242	.94383
2035.509330	.94437
2035.750419	.94719
2035.991507	.94681
2036.232595	.9464
2036.473684	.94722
2036.714772	.94505
2036.955861	.9401
2037.196949	.93094
2037.438037	.93496
2037.679126	.94389
2037.920214	.94515
2038.161303	.94663
2038.402391	.94586
2038.643479	.94368
2038.884568	.94464
2039.125656	.9462
2039.366745	.94443
2039.607833	.94372
2039.848921	.9436
2040.090010	.94411
2040.331098	.94768
2040.572187	.95065
2040.813275	.94915
2041.054363	.9472
2041.295452	.94212
2041.536540	.93475
2041.777629	.9233
2042.018717	.92286
2042.259805	.93714
2042.500894	.94227
2042.741982	.94395
2042.983070	.94501
2043.224159	.94426
2043.465247	.94416
2043.706336	.9439
2043.947424	.94102
2044.188512	.94116
2044.429601	.94345
2044.670689	.94419
2044.911778	.94543
2045.152866	.94627
2045.393954	.9457
2045.635043	.94343
2045.876131	.93933
2046.117220	.93627
2046.358308	.92492
2046.599396	.92026
2046.840485	.93817
2047.081573	.94404
2047.322662	.9407
2047.563750	.94014
2047.804838	.94353
2048.045927	.94523
2048.287015	.94411
2048.528104	.94278
2048.769192	.94442
2049.010280	.94834
2049.251369	.9499
2049.492457	.94972
2049.733546	.94687
2049.974634	.93876
2050.215722	.93366
2050.456811	.93769
2050.697899	.93653
2050.938988	.91327
2051.180076	.90559
2051.421164	.93158
2051.662253	.94262
2051.903341	.9411
2052.144430	.94369
2052.385518	.94786
2052.626606	.94795
2052.867695	.9454
2053.108783	.94467
2053.349872	.94512
2053.590960	.9455
2053.832048	.94366
2054.073137	.93863
2054.314225	.93991
2054.555314	.94301
2054.796402	.94463
2055.037490	.94487
2055.278579	.93465
2055.519667	.9001
2055.760755	.89812
2056.001844	.93358
2056.242932	.9458
2056.484021	.94548
2056.725109	.94542
2056.966197	.94521
2057.207286	.94581
2057.448374	.94678
2057.689463	.94473
2057.930551	.93792
2058.171639	.93344
2058.412728	.94041
2058.653816	.94375
2058.894905	.9439
2059.135993	.94496
2059.377081	.94418
2059.618170	.94247
2059.859258	.92241
2060.100347	.877
2060.341435	.89478
2060.582523	.93442
2060.823612	.94197
2061.064700	.9441
2061.305789	.94423
2061.546877	.94137
2061.787965	.93873
2062.029054	.93603
2062.270142	.93809
2062.511231	.94343
2062.752319	.94586
2062.993407	.94399
2063.234496	.94449
2063.475584	.94306
2063.716673	.94218
2063.957761	.94469
2064.198849	.93538
2064.439938	.88805
2064.681026	.85539
2064.922115	.90638
2065.163203	.93695
2065.404291	.94131
2065.645380	.94309
2065.886468	.9361
2066.127557	.93576
2066.368645	.94395
2066.609733	.94347
2066.850822	.94274
2067.091910	.94218
2067.332999	.94447
2067.574087	.945
2067.815175	.94503
2068.056264	.94579
2068.297352	.94548
2068.538440	.94276
2068.779529	.91137
2069.020617	.84085
2069.261706	.86428
2069.502794	.92699
2069.743882	.92985
2069.984971	.92931
2070.226059	.94149
2070.467148	.94524
2070.708236	.94169
2070.949324	.94213
2071.190413	.94386
2071.431501	.94275
2071.672590	.94301
2071.913678	.94414
2072.154766	.9446
2072.395855	.94117
2072.636943	.94041
2072.878032	.94139
2073.119120	.92038
2073.360208	.83692
2073.601297	.81197
2073.842385	.89801
2074.083474	.93941
2074.324562	.94425
2074.565650	.9454
2074.806739	.94491
2075.047827	.94432
2075.288916	.94459
2075.530004	.94314
2075.771092	.94245
2076.012181	.94252
2076.253269	.94229
2076.494358	.94161
2076.735446	.94152
2076.976534	.94248
2077.217623	.94134
2077.458711	.92
2077.699800	.83625
2077.940888	.78663
2078.181976	.8808
2078.423065	.93616
2078.664153	.94126
2078.905242	.94353
2079.146330	.94326
2079.387418	.94414
2079.628507	.94485
2079.869595	.94469
2080.110684	.94502
2080.351772	.94541
2080.592860	.9452
2080.833949	.94665
2081.075037	.94544
2081.316126	.93543
2081.557214	.93328
2081.798302	.92333
2082.039391	.83259
2082.280479	.76181
2082.521567	.86405
2082.762656	.9353
2083.003744	.9434
2083.244833	.94395
2083.485921	.94223
2083.727009	.94291
2083.968098	.94678
2084.209186	.94639
2084.450275	.94353
2084.691363	.94473
2084.932451	.94353
2085.173540	.94003
2085.414628	.93934
2085.655717	.93746
2085.896805	.93744
2086.137893	.91673
2086.378982	.80762
2086.620070	.74366
2086.861159	.86482
2087.102247	.9362
2087.343335	.94072
2087.584424	.94185
2087.825512	.94302
2088.066601	.94365
2088.307689	.94508
2088.548777	.94543
2088.789866	.94157
2089.030954	.94046
2089.272043	.94336
2089.513131	.94591
2089.754219	.94522
2089.995308	.94292
2090.236396	.93612
2090.477485	.8928
2090.718573	.76207
2090.959661	.74312
2091.200750	.8827
2091.441838	.93856
2091.682927	.94439
2091.924015	.94836
2092.165103	.94677
2092.406192	.94319
2092.647280	.94191
2092.888369	.94185
2093.129457	.94333
2093.370545	.94204
2093.611634	.94152
2093.852722	.94307
2094.093811	.94482
2094.334899	.94265
2094.575987	.92791
2094.817076	.84688
2095.058164	.70968
2095.299252	.77838
2095.540341	.91121
2095.781429	.9365
2096.022518	.94
2096.263606	.94286
2096.504694	.94606
2096.745783	.94391
2096.986871	.9405
2097.227960	.94209
2097.469048	.94376
2097.710136	.94525
2097.951225	.94669
2098.192313	.94587
2098.433402	.94314
2098.674490	.93862
2098.915578	.90238
2099.156667	.75668
2099.397755	.69309
2099.638844	.84849
2099.879932	.92859
2100.121020	.93573
2100.362109	.9412
2100.603197	.94274
2100.844286	.94264
2101.085374	.94392
2101.326462	.94486
2101.567551	.94491
2101.808639	.94543
2102.049728	.94381
2102.290816	.94096
2102.531904	.94029
2102.772993	.94042
2103.014081	.92195
2103.255170	.81159
2103.496258	.6663
2103.737346	.77266
2103.978435	.91517
2104.219523	.9394
2104.460612	.93667
2104.701700	.93591
2104.942788	.93982
2105.183877	.94417
2105.424965	.94379
2105.666054	.9433
2105.907142	.94588
2106.148230	.94528
2106.389319	.94046
2106.630407	.9384
2106.871496	.9365
2107.112584	.92123
2107.353672	.84006
2107.594761	.67476
2107.835849	.72266
2108.076937	.89157
2108.318026	.9357
2108.559114	.94052
2108.800203	.94462
2109.041291	.94585
2109.282379	.94523
2109.523468	.9464
2109.764556	.94655
2110.005645	.94095
2110.246733	.93765
2110.487821	.93601
2110.728910	.93504
2110.969998	.93893
2111.211087	.93011
2111.452175	.85462
2111.693263	.67904
2111.934352	.70183
2112.175440	.87963
2112.416529	.93405
2112.657617	.93774
2112.898705	.9393
2113.139794	.94323
2113.380882	.94376
2113.621971	.94036
2113.863059	.93893
2114.104147	.93583
2114.345236	.93518
2114.586324	.94004
2114.827413	.93956
2115.068501	.93649
2115.309589	.92375
2115.550678	.84071
2115.791766	.66606
2116.032855	.70726
2116.273943	.88492
2116.515031	.9351
2116.756120	.93805
2116.997208	.94044
2117.238297	.9442
2117.479385	.93955
2117.720473	.93259
2117.961562	.93718
2118.202650	.94093
2118.443739	.94215
2118.684827	.94483
2118.925915	.94547
2119.167004	.94064
2119.408092	.9205
2119.649181	.81115
2119.890269	.64815
2120.131357	.7425
2120.372446	.89879
2120.613534	.92931
2120.854622	.93179
2121.095711	.93038
2121.336799	.93908
2121.577888	.94752
2121.818976	.94802
2122.060064	.94483
2122.301153	.94237
2122.542241	.94128
2122.783330	.94115
2123.024418	.93843
2123.265506	.93456
2123.506595	.90018
2123.747683	.74953
2123.988772	.64943
2124.229860	.80551
2124.470948	.91037
2124.712037	.93009
2124.953125	.94239
2125.194214	.94315
2125.435302	.9415
2125.676390	.94158
2125.917479	.9426
2126.158567	.9418
2126.399656	.94006
2126.640744	.93968
2126.881832	.93901
2127.122921	.93752
2127.364009	.9268
2127.605098	.84848
2127.846186	.68096
2128.087274	.71818
2128.328363	.88789
2128.569451	.93339
2128.810540	.94005
2129.051628	.94537
2129.292716	.94341
2129.533805	.94212
2129.774893	.94332
2130.015982	.94219
2130.257070	.93964
2130.498158	.93873
2130.739247	.93859
2130.980335	.93746
2131.221424	.92878
2131.462512	.89597
2131.703600	.75803
2131.944689	.691
2132.185777	.84487
2132.426866	.9325
2132.667954	.94157
2132.909042	.94245
2133.150131	.94228
2133.391219	.94171
2133.632308	.9389
2133.873396	.93897
2134.114484	.94006
2134.355573	.93344
2134.596661	.92817
2134.837749	.93595
2135.078838	.94003
2135.319926	.9246
2135.561015	.82553
2135.802103	.72051
2136.043191	.82578
2136.284280	.92703
2136.525368	.93802
2136.766457	.93842
2137.007545	.93949
2137.248633	.94099
2137.489722	.94057
2137.730810	.9366
2137.971899	.9376
2138.212987	.94181
2138.454075	.94233
2138.695164	.94346
2138.936252	.94118
2139.177341	.93157
2139.418429	.87128
2139.659517	.78877
2139.900606	.84915
2140.141694	.92472
2140.382783	.9373
2140.623871	.94179
2140.864959	.94018
2141.106048	.93648
2141.347136	.94202
2141.588225	.94725
2141.829313	.94523
2142.070401	.94239
2142.311490	.94351
2142.552578	.94578
2142.793667	.94342
2143.034755	.94127
2143.275843	.9425
2143.516932	.9457
2143.758020	.94597
2143.999109	.94228
2144.240197	.93868
2144.481285	.94031
2144.722374	.94205
2144.963462	.94224
2145.204551	.94184
2145.445639	.94191
2145.686727	.94453
2145.927816	.9445
2146.168904	.94085
2146.409993	.94116
2146.651081	.94252
2146.892169	.92725
2147.133258	.844
2147.374346	.78358
2147.615434	.87392
2147.856523	.9356
2148.097611	.94142
2148.338700	.94377
2148.579788	.94415
2148.820876	.94095
2149.061965	.94103
2149.303053	.94215
2149.544142	.93916
2149.785230	.93973
2150.026318	.94322
2150.267407	.94118
2150.508495	.93027
2150.749584	.88057
2150.990672	.74666
2151.231760	.74611
2151.472849	.89028
2151.713937	.93914
2151.955026	.94142
2152.196114	.94027
2152.437202	.94206
2152.678291	.94313
2152.919379	.94427
2153.160468	.94328
2153.401556	.94087
2153.642644	.93765
2153.883733	.94021
2154.124821	.93912
2154.365910	.91658
2154.606998	.79948
2154.848086	.67184
2155.089175	.79196
2155.330263	.91645
2155.571352	.93556
2155.812440	.93918
2156.053528	.94078
2156.294617	.94173
2156.535705	.94296
2156.776794	.94123
2157.017882	.93827
2157.258970	.93751
2157.500059	.93786
2157.741147	.93833
2157.982236	.92904
2158.223324	.84969
2158.464412	.67454
2158.705501	.70553
2158.946589	.87885
2159.187678	.93359
2159.428766	.94071
2159.669854	.94147
2159.910943	.94041
2160.152031	.93911
2160.393119	.93937
2160.634208	.93933
2160.875296	.94037
2161.116385	.94069
2161.357473	.93963
2161.598561	.93074
2161.839650	.87109
2162.080738	.6929
2162.321827	.65878
2162.562915	.84859
2162.804003	.93126
2163.045092	.93986
2163.286180	.94335
2163.527269	.94222
2163.768357	.94081
2164.009445	.94042
2164.250534	.94043
2164.491622	.94023
2164.732711	.93773
2164.973799	.93592
2165.214887	.93109
2165.455976	.87843
2165.697064	.70086
2165.938153	.64303
2166.179241	.83084
2166.420329	.92815
2166.661418	.93942
2166.902506	.9418
2167.143595	.94099
2167.384683	.93983
2167.625771	.93933
2167.866860	.93933
2168.107948	.93907
2168.349037	.93604
2168.590125	.93413
2168.831213	.9278
2169.072302	.86857
2169.313390	.68419
2169.554479	.6508
2169.795567	.84386
2170.036655	.92719
2170.277744	.93662
2170.518832	.93795
2170.759921	.93949
2171.001009	.9405
2171.242097	.93951
2171.483186	.94044
2171.724274	.93877
2171.965363	.93714
2172.206451	.93835
2172.447539	.92543
2172.688628	.83402
2172.929716	.64806
2173.170805	.68893
2173.411893	.87672
2173.652981	.93057
2173.894070	.93674
2174.135158	.93971
2174.376246	.94141
2174.617335	.9424
2174.858423	.94084
2175.099512	.93959
2175.340600	.93979
2175.581688	.93826
2175.822777	.93546
2176.063865	.90909
2176.304954	.76819
2176.546042	.6297
2176.787130	.7718
2177.028219	.91318
2177.269307	.9359
2177.510396	.94059
2177.751484	.9413
2177.992572	.94147
2178.233661	.94095
2178.474749	.94038
2178.715838	.9387
2178.956926	.93977
2179.198014	.94033
2179.439103	.92866
2179.680191	.85438
2179.921280	.67626
2180.162368	.68792
2180.403456	.87127
2180.644545	.93339
2180.885633	.93879
2181.126722	.94023
2181.367810	.94385
2181.608898	.94174
2181.849987	.93978
2182.091075	.94103
2182.332164	.94269
2182.573252	.94165
2182.814340	.93555
2183.055429	.89728
2183.296517	.74433
2183.537606	.66325
2183.778694	.82949
2184.019782	.9288
2184.260871	.93755
2184.501959	.93892
2184.743048	.94149
2184.984136	.94329
2185.225224	.9442
2185.466313	.94357
2185.707401	.94166
2185.948490	.94104
2186.189578	.93798
2186.430666	.90996
2186.671755	.78073
2186.912843	.66631
2187.153931	.80273
2187.395020	.9234
2187.636108	.94075
2187.877197	.94322
2188.118285	.94255
2188.359373	.9422
2188.600462	.94099
2188.841550	.9406
2189.082639	.94313
2189.323727	.94486
2189.564815	.94303
2189.805904	.91811
2190.046992	.79942
2190.288081	.68669
2190.529169	.81072
2190.770257	.92314
2191.011346	.93707
2191.252434	.93895
2191.493523	.9424
2191.734611	.94359
2191.975699	.941
2192.216788	.93969
2192.457876	.94087
2192.698965	.94162
2192.940053	.93721
2193.181141	.90723
2193.422230	.78678
2193.663318	.71127
2193.904407	.84469
2194.145495	.93325
2194.386583	.94448
2194.627672	.94272
2194.868760	.94099
2195.109849	.94111
2195.350937	.94017
2195.592025	.94067
2195.833114	.94232
2196.074202	.94116
2196.315291	.9335
2196.556379	.88971
2196.797467	.76393
2197.038556	.75707
2197.279644	.89099
2197.520733	.93738
2197.761821	.94119
2198.002909	.94137
2198.243998	.94178
2198.485086	.94221
2198.726175	.94371
2198.967263	.94542
2199.208351	.94594
2199.449440	.94328
2199.690528	.93159
2199.931616	.8535
2200.172705	.75062
2200.413793	.82937
2200.654882	.92507
2200.895970	.93839
2201.137058	.94225
2201.378147	.9444
2201.619235	.94155
2201.860324	.94107
2202.101412	.94321
2202.342500	.94407
2202.583589	.94409
2202.824677	.9406
2203.065766	.9028
2203.306854	.79682
2203.547942	.79721
2203.789031	.90424
2204.030119	.93888
2204.271208	.94277
2204.512296	.9424
2204.753384	.94113
2204.994473	.9421
2205.235561	.94246
2205.476650	.94473
2205.717738	.94607
2205.958826	.94166
2206.199915	.92087
2206.441003	.84135
2206.682092	.8077
2206.923180	.89538
2207.164268	.9378
2207.405357	.94295
2207.646445	.94431
2207.887534	.94538
2208.128622	.94624
2208.369710	.9477
2208.610799	.94562
2208.851887	.94336
2209.092976	.94197
2209.334064	.92982
2209.575152	.86646
2209.816241	.82425
2210.057329	.89387
2210.298418	.93898
2210.539506	.94336
2210.780594	.94102
2211.021683	.94057
2211.262771	.94154
2211.503860	.94268
2211.744948	.94303
2211.986036	.94409
2212.227125	.94328
2212.468213	.93296
2212.709301	.87634
2212.950390	.84633
2213.191478	.90874
2213.432567	.94118
2213.673655	.945
2213.914743	.94512
2214.155832	.94406
2214.396920	.9448
2214.638009	.9436
2214.879097	.94256
2215.120185	.94002
2215.361274	.93902
2215.602362	.92656
2215.843451	.87807
2216.084539	.87484
2216.325627	.92641
2216.566716	.94255
2216.807804	.94231
2217.048893	.94203
2217.289981	.9437
2217.531069	.94319
2217.772158	.93979
2218.013246	.94061
2218.254335	.94369
2218.495423	.94021
2218.736511	.9164
2218.977600	.88527
2219.218688	.91029
2219.459777	.93984
2219.700865	.94341
2219.941953	.94622
2220.183042	.94422
2220.424130	.94236
2220.665219	.94133
2220.906307	.94044
2221.147395	.94085
2221.388484	.94108
2221.629572	.93481
2221.870661	.90696
2222.111749	.90203
2222.352837	.93302
2222.593926	.94578
2222.835014	.94495
2223.076103	.94352
2223.317191	.94467
2223.558279	.94398
2223.799368	.94424
2224.040456	.94539
2224.281545	.94403
2224.522633	.94035
2224.763721	.92487
2225.004810	.91174
2225.245898	.9296
2225.486987	.94172
2225.728075	.94241
2225.969163	.94232
2226.210252	.94191
2226.451340	.9412
2226.692428	.9422
2226.933517	.9435
2227.174605	.94479
2227.415694	.94206
2227.656782	.92938
2227.897870	.91883
2228.138959	.93366
2228.380047	.94437
2228.621136	.94114
2228.862224	.94141
2229.103312	.94369
2229.344401	.94367
2229.585489	.94353
2229.826578	.94294
2230.067666	.94123
2230.308754	.94253
2230.549843	.93881
2230.790931	.92957
2231.032020	.9368
2231.273108	.94613
2231.514196	.9458
2231.755285	.94287
2231.996373	.94242
2232.237462	.94344
2232.478550	.94303
2232.719638	.94156
2232.960727	.94043
2233.201815	.93876
2233.442904	.93446
2233.683992	.93329
2233.925080	.94154
2234.166169	.94591
2234.407257	.94419
2234.648346	.94331
2234.889434	.94458
2235.130522	.94707
2235.371611	.94925
2235.612699	.94587
2235.853788	.94179
2236.094876	.9406
2236.335964	.93762
2236.577053	.93831
2236.818141	.94531
2237.059230	.94667
2237.300318	.9465
2237.541406	.94523
2237.782495	.94386
2238.023583	.94335
2238.264672	.94388
2238.505760	.94365
2238.746848	.94276
2238.987937	.93827
2239.229025	.93826
2239.470113	.94354
2239.711202	.94474
2239.952290	.9414
2240.193379	.94165
2240.434467	.94498
2240.675555	.94424
2240.916644	.94502
2241.157732	.94466
2241.398821	.94385
2241.639909	.94512
2241.880997	.9426
2242.122086	.9436
2242.363174	.94327
2242.604263	.93995
2242.845351	.94178
2243.086439	.94404
2243.327528	.94491
2243.568616	.94243
2243.809705	.9433
2244.050793	.9449
2244.291881	.9413
2244.532970	.94033
2244.774058	.94252
2245.015147	.94375
2245.256235	.9438
2245.497323	.9412
2245.738412	.94297
2245.979500	.94486
2246.220589	.94213
2246.461677	.94294
2246.702765	.9445
2246.943854	.94333
2247.184942	.94238
2247.426031	.94177
2247.667119	.94223
2247.908207	.94369
2248.149296	.94132
2248.390384	.94028
2248.631473	.94202
2248.872561	.94107
2249.113649	.94124
2249.354738	.9431
2249.595826	.94099
2249.836915	.93993
2250.078003	.9416
2250.319091	.94278
2250.560180	.94513
2250.801268	.94568
2251.042357	.94372
2251.283445	.94463
2251.524533	.9485
2251.765622	.94966
2252.006710	.9472
2252.247798	.94428
2252.488887	.94381
2252.729975	.94468
2252.971064	.94478
2253.212152	.94523
2253.453240	.9467
2253.694329	.94783
2253.935417	.94752
2254.176506	.94601
2254.417594	.94328
2254.658682	.9414
2254.899771	.94452
2255.140859	.94846
2255.381948	.94719
2255.623036	.94616
2255.864124	.94764
2256.105213	.9456
2256.346301	.94243
2256.587390	.94379
2256.828478	.94639
2257.069566	.94465
2257.310655	.9431
2257.551743	.94408
2257.792832	.94531
2258.033920	.94512
2258.275008	.94427
2258.516097	.94433
2258.757185	.94522
2258.998274	.94245
2259.239362	.94227
2259.480450	.94771
2259.721539	.95049
2259.962627	.94585
2260.203716	.94299
2260.444804	.94345
2260.685892	.94433
2260.926981	.94599
2261.168069	.94855
2261.409158	.95148
2261.650246	.94992
2261.891334	.94667
2262.132423	.94851
2262.373511	.94799
2262.614600	.94413
2262.855688	.946
2263.096776	.9484
2263.337865	.94655
2263.578953	.94482
2263.820042	.94348
2264.061130	.94382
2264.302218	.94531
2264.543307	.94736
2264.784395	.94579
2265.025484	.94671
2265.266572	.95064
2265.507660	.94882
2265.748749	.94497
2265.989837	.94122
2266.230925	.93868
2266.472014	.93945
2266.713102	.94354
2266.954191	.95031
2267.195279	.94915
2267.436367	.9445
2267.677456	.94401
2267.918544	.94402
2268.159633	.94517
2268.400721	.94844
2268.641809	.95264
2268.882898	.95157
2269.123986	.94798
2269.365075	.94729
2269.606163	.9451
2269.847251	.94298
2270.088340	.9434
2270.329428	.94528
2270.570517	.94599
2270.811605	.94677
2271.052693	.94615
2271.293782	.94451
2271.534870	.94756
2271.775959	.94934
2272.017047	.94741
2272.258135	.94824
2272.499224	.94726
2272.740312	.94604
2272.981401	.94587
2273.222489	.94241
2273.463577	.94091
2273.704666	.94252
2273.945754	.94671
2274.186843	.94697
2274.427931	.94347
2274.669019	.94189
2274.910108	.94298
2275.151196	.94699
2275.392285	.95078
2275.633373	.95224
2275.874461	.94387
2276.115550	.93687
2276.356638	.93974
2276.597727	.94474
2276.838815	.94621
2277.079903	.9467
2277.320992	.94705
2277.562080	.94486
2277.803169	.94316
2278.044257	.94307
2278.285345	.94414
2278.526434	.94474
2278.767522	.94711
2279.008610	.94901
2279.249699	.94796
2279.490787	.94589
2279.731876	.94314
2279.972964	.94229
2280.214052	.94117
2280.455141	.94304
2280.696229	.94609
2280.937318	.94532
2281.178406	.94244
2281.419494	.94141
2281.660583	.944
2281.901671	.94445
2282.142760	.94679
2282.383848	.94834
2282.624936	.9478
2282.866025	.94644
2283.107113	.9442
2283.348202	.94478
2283.589290	.94595
2283.830378	.94511
2284.071467	.94329
2284.312555	.94207
2284.553644	.94576
2284.794732	.94769
2285.035820	.94707
2285.276909	.94683
2285.517997	.94448
2285.759086	.94402
2286.000174	.94514
2286.241262	.94659
2286.482351	.94726
2286.723439	.94804
2286.964528	.94889
2287.205616	.94934
2287.446704	.94937
2287.687793	.948
2287.928881	.94675
2288.169970	.94537
2288.411058	.94292
2288.652146	.94631
2288.893235	.94925
2289.134323	.94772
2289.375412	.94954
2289.616500	.95065
2289.857588	.94564
2290.098677	.94302
2290.339765	.94584
2290.580854	.94738
2290.821942	.94754
2291.063030	.95001
2291.304119	.95202
2291.545207	.95021
2291.786295	.9519
2292.027384	.9528
2292.268472	.95059
2292.509561	.94964
2292.750649	.9459
2292.991737	.94504
2293.232826	.94752
2293.473914	.94755
2293.715003	.94792
2293.956091	.94808
2294.197179	.94787
2294.438268	.9503
2294.679356	.95327
2294.920445	.95076
2295.161533	.94523
2295.402621	.94367
2295.643710	.94754
2295.884798	.95129
2296.125887	.95934
2296.366975	.95967
2296.608063	.95409
2296.849152	.94961
2297.090240	.94785
2297.331329	.95391
2297.572417	.95446
2297.813505	.95195
2298.054594	.95349
2298.295682	.95733
2298.536771	.96469
2298.777859	.96392
2299.018947	.95668
2299.260036	.95025
2299.501124	.94649
2299.742213	.94803
2299.983301	.95267
2300.224389	.95314
2300.465478	.95565
2300.706566	.96346
2300.947655	.96302
2301.188743	.95903
2301.429831	.9559
2301.670920	.95179
2301.912008	.95247
2302.153097	.95393
2302.394185	.95666
2302.635273	.96671
2302.876362	.97695
2303.117450	.96547
2303.358539	.95218
2303.599627	.95474
2303.840715	.95968
2304.081804	.95658
2304.322892	.95205
2304.563980	.95233
2304.805069	.96812
2305.046157	.98929
2305.287246	.9712
2305.528334	.95594
2305.769422	.95708
2306.010511	.95812
2306.251599	.95532
2306.492688	.96007
2306.733776	.96914
2306.974864	.98281
2307.215953	.994
2307.457041	.97719
2307.698130	.96785
2307.939218	.96426
2308.180306	.95409
2308.421395	.95486
2308.662483	.96647
2308.903572	.97949
2309.144660	.99719
2309.385748	.99834
2309.626837	.97751
2309.867925	.96747
2310.109014	.96043
2310.350102	.95907
2310.591190	.96553
2310.832279	.97744
2311.073367	.98912
2311.314456	1.0129
2311.555544	1.0106
2311.796632	.98604
2312.037721	.96699
2312.278809	.95994
2312.519898	.96552
2312.760986	.97438
2313.002074	.97571
2313.243163	.99221
2313.484251	1.0241
2313.725340	.99382
2313.966428	.96768
2314.207516	.96232
2314.448605	.96921
2314.689693	.97111
2314.930782	.97506
2315.171870	.99628
2315.412958	1.0318
2315.654047	1.011
2315.895135	.9808
2316.136224	.97396
2316.377312	.98087
2316.618400	.97763
2316.859489	.97211
2317.100577	.98624
2317.341666	1.0226
2317.582754	1.0185
2317.823842	.99094
2318.064931	.98336
2318.306019	.97788
2318.547107	.96695
2318.788196	.97474
2319.029284	.99922
2319.270373	1.0462
2319.511461	1.0662
2319.752549	1.0221
2319.993638	1.0059
2320.234726	.98859
2320.475815	.9765
2320.716903	.98274
2320.957991	1.0128
2321.199080	1.0582
2321.440168	1.0683
2321.681257	1.0374
2321.922345	1.0058
2322.163433	.98051
2322.404522	.97831
2322.645610	.99486
2322.886699	1.0223
2323.127787	1.0602
2323.368875	1.0897
2323.609964	1.0388
2323.851052	1.0049
2324.092141	.98762
2324.333229	.98992
2324.574317	1.0077
2324.815406	1.0204
2325.056494	1.0543
2325.297583	1.1073
2325.538671	1.0409
2325.779759	1.0079
2326.020848	.99766
2326.261936	1.0022
2326.503025	1.0051
2326.744113	1.0118
2326.985201	1.0398
2327.226290	1.0508
2327.467378	1.0253
2327.708467	1.0139
2327.949555	1.0086
2328.190643	1.002
2328.431732	1.0063
2328.672820	1.0342
2328.913909	1.0745
2329.154997	1.0623
2329.396085	1.0481
2329.637174	1.0237
2329.878262	1.0037
2330.119351	1.0009
2330.360439	1.0219
2330.601527	1.0675
2330.842616	1.1091
2331.083704	1.0781
2331.324792	1.0354
2331.565881	1.0067
2331.806969	1.0039
2332.048058	1.0216
2332.289146	1.0583
2332.530234	1.114
2332.771323	1.106
2333.012411	1.0448
2333.253500	1.0149
2333.494588	1.0024
2333.735676	1.0109
2333.976765	1.0366
2334.217853	1.0742
2334.458942	1.1276
2334.700030	1.0671
2334.941118	1.0263
2335.182207	1.0102
2335.423295	1.0138
2335.664384	1.0268
2335.905472	1.0626
2336.146560	1.166
2336.387649	1.1152
2336.628737	1.0582
2336.869826	1.0241
2337.110914	1.0054
2337.352002	1.0159
2337.593091	1.0518
2337.834179	1.1032
2338.075268	1.1138
2338.316356	1.0554
2338.557444	1.0244
2338.798533	1.0167
2339.039621	1.0259
2339.280710	1.0611
2339.521798	1.1416
2339.762886	1.1347
2340.003975	1.0599
2340.245063	1.0236
2340.486152	1.0076
2340.727240	1.0179
2340.968328	1.0472
2341.209417	1.1075
2341.450505	1.1154
2341.691594	1.0481
2341.932682	1.0236
2342.173770	1.0217
2342.414859	1.032
2342.655947	1.0497
2342.897036	1.0882
2343.138124	1.0744
2343.379212	1.0462
2343.620301	1.0307
2343.861389	1.0222
2344.102477	1.0257
2344.343566	1.0518
2344.584654	1.1066
2344.825743	1.0847
2345.066831	1.0424
2345.307919	1.0073
2345.549008	1.0054
2345.790096	1.0399
2346.031185	1.0902
2346.272273	1.1063
2346.513361	1.0353
2346.754450	1.0039
2346.995538	.99097
2347.236627	.99609
2347.477715	1.0055
2347.718803	1.0281
2347.959892	1.0303
2348.200980	1.004
2348.442069	.99848
2348.683157	.99144
2348.924245	.9815
2349.165334	.98649
2349.406422	.98836
2349.647511	.98422
2349.888599	1.0056
2350.129687	1.0407
2350.370776	1.0292
2350.611864	1.0082
2350.852953	.99392
2351.094041	1.004
2351.335129	1.0303
2351.576218	1.069
2351.817306	1.0878
2352.058395	1.027
2352.299483	1.0111
2352.540571	1.0184
2352.781660	1.0263
2353.022748	1.0468
2353.263837	1.0958
2353.504925	1.062
2353.746013	1.0376
2353.987102	1.0197
2354.228190	1.0236
2354.469279	1.0573
2354.710367	1.1399
2354.951455	1.0868
2355.192544	1.0402
2355.433632	1.0313
2355.674721	1.0573
2355.915809	1.1112
2356.156897	1.1051
2356.397986	1.0585
2356.639074	1.0484
2356.880163	1.0419
2357.121251	1.0573
2357.362339	1.1062
2357.603428	1.2352
2357.844516	1.114
2358.085604	1.0518
2358.326693	1.0399
2358.567781	1.0582
2358.808870	1.071
2359.049958	1.0846
2359.291046	1.097
2359.532135	1.0637
2359.773223	1.059
2360.014312	1.09
2360.255400	1.1695
2360.496488	1.1614
2360.737577	1.0799
2360.978665	1.0499
2361.219754	1.0488
2361.460842	1.076
2361.701930	1.1378
2361.943019	1.1159
2362.184107	1.0699
2362.425196	1.0569
2362.666284	1.078
2362.907372	1.1488
2363.148461	1.178
2363.389549	1.0838
2363.630638	1.0558
2363.871726	1.0587
2364.112814	1.0898
2364.353903	1.1164
2364.594991	1.0843
2364.836080	1.0583
2365.077168	1.044
2365.318256	1.0574
2365.559345	1.102
2365.800433	1.0899
2366.041522	1.0582
2366.282610	1.0434
2366.523698	1.0532
2366.764787	1.0896
2367.005875	1.1034
2367.246964	1.0588
2367.488052	1.0344
2367.729140	1.0382
2367.970229	1.0768
2368.211317	1.1172
2368.452406	1.0559
2368.693494	1.0243
2368.934582	1.0192
2369.175671	1.0522
2369.416759	1.0931
2369.657848	1.0456
2369.898936	1.02
2370.140024	1.0242
2370.381113	1.058
2370.622201	1.0679
2370.863289	1.0219
2371.104378	1.0029
2371.345466	1.0126
2371.586555	1.0494
2371.827643	1.0531
2372.068731	1.0183
2372.309820	.99965
2372.550908	1.008
2372.791997	1.036
2373.033085	1.0176
2373.274173	.99789
2373.515262	.99464
2373.756350	1.0208
2373.997439	1.0502
2374.238527	1.0055
2374.479615	.98496
2374.720704	.99132
2374.961792	1.0239
2375.202881	1.0162
2375.443969	.99206
2375.685057	.9901
2375.926146	1.0097
2376.167234	1.0105
2376.408323	.98272
2376.649411	.97348
2376.890499	.98086
2377.131588	1.0018
2377.372676	.97881
2377.613765	.96578
2377.854853	.97372
2378.095941	.99641
2378.337030	.98366
2378.578118	.96565
2378.819207	.97199
2379.060295	.99056
2379.301383	.97293
2379.542472	.95885
2379.783560	.96589
2380.024649	.98323
2380.265737	.9727
2380.506825	.95615
2380.747914	.9589
2380.989002	.9667
2381.230091	.95802
2381.471179	.95185
2381.712267	.95631
2381.953356	.96324
2382.194444	.95445
2382.435533	.95054
2382.676621	.95622
2382.917709	.9572
2383.158798	.95476
2383.399886	.95595
2383.640974	.95486
2383.882063	.95007
2384.123151	.9468
2384.364240	.95095
2384.605328	.95025
2384.846416	.94453
2385.087505	.94567
2385.328593	.94771
2385.569682	.94539
2385.810770	.94549
2386.051858	.94817
2386.292947	.94639
2386.534035	.9452
2386.775124	.94734
2387.016212	.94639
2387.257300	.94302
2387.498389	.94058
2387.739477	.94078
2387.980566	.94173
2388.221654	.94188
2388.462742	.94542
2388.703831	.94676
2388.944919	.94615
2389.186008	.94572
2389.427096	.94372
2389.668184	.9423
2389.909273	.94138
2390.150361	.94207
2390.391450	.94383
2390.632538	.94393
2390.873626	.94154
2391.114715	.9395
2391.355803	.93977
2391.596892	.94
2391.837980	.94056
2392.079068	.94357
2392.320157	.94607
2392.561245	.94766
2392.802334	.94703
2393.043422	.94429
2393.284510	.9417
2393.525599	.94203
2393.766687	.94143
2394.007776	.94091
2394.248864	.94371
2394.489952	.94644
2394.731041	.94695
2394.972129	.94344
2395.213218	.94095
2395.454306	.94365
2395.695394	.94417
2395.936483	.9421
2396.177571	.94215
2396.418660	.94359
2396.659748	.94056
2396.900836	.93876
2397.141925	.93983
2397.383013	.94092
2397.624101	.94005
2397.865190	.93911
2398.106278	.94186
2398.347367	.94353
2398.588455	.94284
2398.829543	.94074
2399.070632	.94317
2399.311720	.94481
2399.552809	.944
2399.793897	.94321
2400.034985	.9426
2400.276074	.9406
2400.517162	.93857
2400.758251	.93783
2400.999339	.93676
2401.240427	.93731
2401.481516	.94075
2401.722604	.94383
2401.963693	.94507
2402.204781	.94421
2402.445869	.94154
2402.686958	.93942
2402.928046	.94064
2403.169135	.94354
2403.410223	.94382
2403.651311	.94326
2403.892400	.94254
2404.133488	.94146
2404.374577	.93953
2404.615665	.94005
2404.856753	.94279
2405.097842	.94313
2405.338930	.94313
2405.580019	.94365
2405.821107	.94243
2406.062195	.94134
2406.303284	.94323
2406.544372	.94339
2406.785461	.94159
2407.026549	.9394
2407.267637	.94002
2407.508726	.94451
2407.749814	.94768
2407.990903	.9454
2408.231991	.94125
2408.473079	.94191
2408.714168	.94403
2408.955256	.93965
2409.196345	.93803
2409.437433	.94046
2409.678521	.94425
2409.919610	.94525
2410.160698	.94259
2410.401786	.94173
2410.642875	.94275
2410.883963	.94159
2411.125052	.94191
2411.366140	.94339
2411.607228	.94424
2411.848317	.94318
2412.089405	.94211
2412.330494	.94176
2412.571582	.93652
2412.812670	.93375
2413.053759	.93988
2413.294847	.9462
2413.535936	.94795
2413.777024	.94639
2414.018112	.94357
2414.259201	.94084
2414.500289	.94199
2414.741378	.94469
2414.982466	.94574
2415.223554	.94654
2415.464643	.94661
2415.705731	.94507
2415.946820	.94399
2416.187908	.94437
2416.428996	.94268
2416.670085	.94157
2416.911173	.94253
2417.152262	.94022
2417.393350	.94032
2417.634438	.94424
2417.875527	.94421
2418.116615	.94271
2418.357704	.94484
2418.598792	.94395
2418.839880	.93945
2419.080969	.94056
2419.322057	.9447
2419.563146	.94542
2419.804234	.94333
2420.045322	.94383
2420.286411	.94406
2420.527499	.94319
2420.768588	.94172
2421.009676	.94131
2421.250764	.94195
2421.491853	.94192
2421.732941	.94261
2421.974030	.94191
2422.215118	.94227
2422.456206	.9437
2422.697295	.94305
2422.938383	.94307
2423.179471	.94338
2423.420560	.94103
2423.661648	.94056
2423.902737	.94045
2424.143825	.94195
2424.384913	.9446
2424.626002	.94182
2424.867090	.94153
2425.108179	.94457
2425.349267	.94393
2425.590355	.94045
2425.831444	.94019
2426.072532	.94282
2426.313621	.94481
2426.554709	.94256
2426.795797	.94208
2427.036886	.94338
2427.277974	.94298
2427.519063	.94309
2427.760151	.941
2428.001239	.93817
2428.242328	.93782
2428.483416	.94125
2428.724505	.9439
2428.965593	.9448
2429.206681	.94704
2429.447770	.95003
2429.688858	.94572
2429.929947	.93849
2430.171035	.93977
2430.412123	.94492
2430.653212	.94506
2430.894300	.94429
2431.135389	.94303
2431.376477	.94041
2431.617565	.93864
2431.858654	.93996
2432.099742	.94038
2432.340831	.94033
2432.581919	.93948
2432.823007	.94015
2433.064096	.94186
2433.305184	.94339
2433.546273	.94283
2433.787361	.94444
2434.028449	.94402
2434.269538	.94016
2434.510626	.93967
2434.751715	.93936
2434.992803	.94135
2435.233891	.94285
2435.474980	.94209
2435.716068	.94416
2435.957156	.9429
2436.198245	.94195
2436.439333	.94174
2436.680422	.93953
2436.921510	.94212
2437.162598	.9433
2437.403687	.94283
2437.644775	.94347
2437.885864	.94637
2438.126952	.94564
2438.368040	.94168
2438.609129	.94047
2438.850217	.9425
2439.091306	.94383
2439.332394	.94119
2439.573482	.93888
2439.814571	.94133
2440.055659	.94298
2440.296748	.94137
2440.537836	.94199
2440.778924	.94302
2441.020013	.9421
2441.261101	.94425
2441.502190	.9478
2441.743278	.94611
2441.984366	.9421
2442.225455	.94255
2442.466543	.94554
2442.707632	.94403
2442.948720	.9403
2443.189808	.93909
2443.430897	.9395
2443.671985	.94182
2443.913074	.94338
2444.154162	.9442
2444.395250	.94546
2444.636339	.94427
2444.877427	.9436
2445.118516	.94478
2445.359604	.94476
2445.600692	.94482
2445.841781	.94275
2446.082869	.93792
2446.323958	.93748
2446.565046	.94313
2446.806134	.9425
2447.047223	.93989
2447.288311	.94006
2447.529400	.94116
2447.770488	.9428
2448.011576	.94151
2448.252665	.94063
2448.493753	.94191
2448.734842	.94259
2448.975930	.94196
2449.217018	.93935
2449.458107	.94156
2449.699195	.94465
2449.940283	.9425
2450.181372	.93745
2450.422460	.93591
2450.663549	.94151
2450.904637	.94627
2451.145725	.94446
2451.386814	.94004
2451.627902	.94016
2451.868991	.9432
2452.110079	.94264
2452.351167	.94321
2452.592256	.94418
2452.833344	.94391
2453.074433	.94205
2453.315521	.94167
2453.556609	.94438
2453.797698	.94469
2454.038786	.94325
2454.279875	.94271
2454.520963	.94251
2454.762051	.94132
2455.003140	.93832
2455.244228	.93936
2455.485317	.94253
2455.726405	.94453
2455.967493	.94417
2456.208582	.94283
2456.449670	.94121
2456.690759	.93919
2456.931847	.94009
2457.172935	.94314
2457.414024	.94365
2457.655112	.94338
2457.896201	.94285
2458.137289	.94152
2458.378377	.94037
2458.619466	.94086
2458.860554	.94207
2459.101643	.94311
2459.342731	.94203
2459.583819	.93912
2459.824908	.93801
2460.065996	.93972
2460.307085	.94239
2460.548173	.94306
2460.789261	.94253
2461.030350	.94335
2461.271438	.9422
2461.512527	.94308
2461.753615	.94489
2461.994703	.94175
2462.235792	.94168
2462.476880	.94368
2462.717968	.94067
2462.959057	.938
2463.200145	.93968
2463.441234	.9429
2463.682322	.94512
2463.923410	.94429
2464.164499	.94073
2464.405587	.94063
2464.646676	.94269
2464.887764	.9458
2465.128852	.9463
2465.369941	.94112
2465.611029	.9388
2465.852118	.94074
2466.093206	.94204
2466.334294	.94234
2466.575383	.94459
2466.816471	.94434
2467.057560	.9434
2467.298648	.94354
2467.539736	.94269
2467.780825	.94532
2468.021913	.94746
2468.263002	.94619
2468.504090	.94181
2468.745178	.93777
2468.986267	.93965
2469.227355	.94132
2469.468444	.94103
2469.709532	.9421
2469.950620	.94406
2470.191709	.94356
2470.432797	.94159
2470.673886	.9402
2470.914974	.94112
2471.156062	.94244
2471.397151	.94167
2471.638239	.9417
2471.879328	.94405
2472.120416	.9443
2472.361504	.94299
2472.602593	.94205
2472.843681	.94039
2473.084770	.93883
2473.325858	.9396
2473.566946	.9423
2473.808035	.94398
2474.049123	.94478
2474.290212	.94359
2474.531300	.94258
2474.772388	.94592
2475.013477	.94549
2475.254565	.9425
2475.495653	.94198
2475.736742	.9401
2475.977830	.94159
2476.218919	.94461
2476.460007	.94134
2476.701095	.94126
2476.942184	.9425
2477.183272	.93974
2477.424361	.93906
2477.665449	.94156
2477.906537	.94288
2478.147626	.94435
2478.388714	.94367
2478.629803	.94273
2478.870891	.94238
2479.111979	.94417
2479.353068	.94394
2479.594156	.94167
2479.835245	.9427
2480.076333	.94305
2480.317421	.94342
2480.558510	.94293
2480.799598	.94351
2481.040687	.94341
2481.281775	.9434
2481.522863	.94425
2481.763952	.94257
2482.005040	.94222
2482.246129	.94322
2482.487217	.94367
2482.728305	.94173
2482.969394	.94162
2483.210482	.94317
2483.451571	.9398
2483.692659	.9387
2483.933747	.94162
2484.174836	.9438
2484.415924	.94424
2484.657013	.9428
2484.898101	.94048
2485.139189	.94238
2485.380278	.94249
2485.621366	.94028
2485.862455	.94282
2486.103543	.94439
2486.344631	.94257
2486.585720	.9421
2486.826808	.9424
2487.067897	.94464
2487.308985	.94753
2487.550073	.94895
2487.791162	.94565
2488.032250	.94316
2488.273339	.94279
2488.514427	.94099
2488.755515	.93814
2488.996604	.93646
2489.237692	.93816
2489.478780	.93921
2489.719869	.93917
2489.960957	.94158
2490.202046	.94251
2490.443134	.94362
2490.684222	.9465
2490.925311	.94768
2491.166399	.94382
2491.407488	.93889
2491.648576	.93877
2491.889664	.94141
2492.130753	.94248
2492.371841	.94376
2492.612930	.9443
2492.854018	.94322
2493.095106	.9425
2493.336195	.94392
2493.577283	.94469
2493.818372	.94376
2494.059460	.94424
2494.300548	.94309
2494.541637	.9399
2494.782725	.93887
2495.023814	.93938
2495.264902	.93947
2495.505990	.93754
2495.747079	.93819
2495.988167	.94119
2496.229256	.94356
2496.470344	.94414
2496.711432	.94383
2496.952521	.94392
2497.193609	.94479
2497.434698	.94329
2497.675786	.94121
2497.916874	.94407
2498.157963	.9451
2498.399051	.94148
2498.640140	.94202
2498.881228	.94308
2499.122316	.94304
2499.363405	.94468
2499.604493	.94462
2499.845582	.94362
2500.086670	.94306
2500.327758	.94218
2500.568847	.94016
2500.809935	.93821
2501.051024	.94117
2501.292112	.94502
2501.533200	.94674
2501.774289	.94411
2502.015377	.94128
2502.256465	.9412
2502.497554	.94191
2502.738642	.94044
2502.979731	.93881
2503.220819	.93936
2503.461907	.94057
2503.702996	.94131
2503.944084	.9431
2504.185173	.94413
2504.426261	.94331
2504.667349	.94207
2504.908438	.94281
2505.149526	.94394
2505.390615	.94403
2505.631703	.94293
2505.872791	.94289
2506.113880	.94626
2506.354968	.94435
2506.596057	.93921
2506.837145	.93991
2507.078233	.94158
2507.319322	.94366
2507.560410	.94274
2507.801499	.94261
2508.042587	.94531
2508.283675	.94422
2508.524764	.94247
2508.765852	.94371
2509.006941	.94595
2509.248029	.94423
2509.489117	.94071
2509.730206	.94201
2509.971294	.94394
2510.212383	.94217
2510.453471	.94095
2510.694559	.94149
2510.935648	.94228
2511.176736	.94499
2511.417825	.94615
2511.658913	.94392
2511.900001	.94114
2512.141090	.93878
2512.382178	.9406
2512.623267	.94038
2512.864355	.93955
2513.105443	.93868
2513.346532	.93994
2513.587620	.94655
2513.828709	.94962
2514.069797	.9483
2514.310885	.94463
2514.551974	.94381
2514.793062	.94277
2515.034150	.93996
2515.275239	.93922
2515.516327	.94153
2515.757416	.94447
2515.998504	.94332
2516.239592	.9406
2516.480681	.94033
2516.721769	.94071
2516.962858	.93958
2517.203946	.93693
2517.445034	.93965
2517.686123	.9423
2517.927211	.94402
2518.168300	.94261
2518.409388	.94124
2518.650476	.94186
2518.891565	.94116
2519.132653	.94075
2519.373742	.94195
2519.614830	.94179
2519.855918	.93807
2520.097007	.9389
2520.338095	.94344
2520.579184	.94534
2520.820272	.94434
2521.061360	.94375
2521.302449	.94729
2521.543537	.94732
2521.784626	.94253
2522.025714	.93983
2522.266802	.9406
2522.507891	.94208
2522.748979	.93984
2522.990068	.93911
2523.231156	.94187
2523.472244	.9453
2523.713333	.94768
2523.954421	.94628
2524.195510	.94238
2524.436598	.94222
2524.677686	.94183
2524.918775	.94011
2525.159863	.94117
2525.400952	.94306
2525.642040	.94246
2525.883128	.94384
2526.124217	.94456
2526.365305	.9435
2526.606394	.94499
2526.847482	.94224
2527.088570	.94026
2527.329659	.94208
2527.570747	.93986
2527.811835	.94031
2528.052924	.94057
2528.294012	.94061
2528.535101	.94176
2528.776189	.94149
2529.017277	.94039
2529.258366	.94106
2529.499454	.94184
2529.740543	.94081
2529.981631	.94136
2530.222719	.94443
2530.463808	.94604
2530.704896	.946
2530.945985	.94607
2531.187073	.94241
2531.428161	.93858
2531.669250	.93717
2531.910338	.93766
2532.151427	.93905
2532.392515	.94
2532.633603	.9405
2532.874692	.93948
2533.115780	.9411
2533.356869	.9419
2533.597957	.94448
2533.839045	.94694
2534.080134	.94532
2534.321222	.94179
2534.562311	.93918
2534.803399	.93881
2535.044487	.94277
2535.285576	.94498
2535.526664	.94213
2535.767753	.94122
2536.008841	.94266
2536.249929	.94263
2536.491018	.9428
2536.732106	.94106
2536.973195	.94248
2537.214283	.94496
2537.455371	.9447
2537.696460	.94486
2537.937548	.94425
2538.178637	.94193
2538.419725	.94009
2538.660813	.94075
2538.901902	.94596
2539.142990	.94578
2539.384079	.93959
2539.625167	.93923
2539.866255	.9424
2540.107344	.94224
2540.348432	.94229
2540.589521	.94099
2540.830609	.93887
2541.071697	.93986
2541.312786	.94064
2541.553874	.94307
2541.794962	.94433
2542.036051	.9412
2542.277139	.94108
2542.518228	.94441
2542.759316	.94458
2543.000404	.94111
2543.241493	.93922
2543.482581	.938
2543.723670	.93995
2543.964758	.94201
2544.205846	.94166
2544.446935	.94011
2544.688023	.93961
2544.929112	.94211
2545.170200	.94281
2545.411288	.93909
2545.652377	.94037
2545.893465	.94392
2546.134554	.94392
2546.375642	.94542
2546.616730	.94396
2546.857819	.94194
2547.098907	.93923
2547.339996	.93771
2547.581084	.94002
2547.822172	.94363
2548.063261	.94515
2548.304349	.94474
2548.545438	.94183
2548.786526	.94039
2549.027614	.94222
2549.268703	.94435
2549.509791	.94032
2549.750880	.93673
2549.991968	.93736
2550.233056	.93999
2550.474145	.94263
2550.715233	.94289
2550.956322	.94007
2551.197410	.93966
2551.438498	.94164
2551.679587	.94112
2551.920675	.9414
2552.161764	.94416
2552.402852	.94568
2552.643940	.94517
2552.885029	.94099
2553.126117	.93825
2553.367206	.93789
2553.608294	.93898
2553.849382	.94169
2554.090471	.94232
2554.331559	.94124
2554.572647	.94005
2554.813736	.94314
2555.054824	.94339
2555.295913	.94077
2555.537001	.9381
2555.778089	.93635
2556.019178	.93877
2556.260266	.93977
2556.501355	.94064
2556.742443	.94194
2556.983531	.94232
2557.224620	.93931
2557.465708	.93912
2557.706797	.94075
2557.947885	.94236
2558.188973	.94214
2558.430062	.94112
2558.671150	.93942
2558.912239	.94244
2559.153327	.94403
2559.394415	.94396
2559.635504	.94602
2559.876592	.94402
2560.117681	.94183
2560.358769	.94466
2560.599857	.94958
2560.840946	.94817
2561.082034	.9429
2561.323123	.94022
2561.564211	.94076
2561.805299	.94206
2562.046388	.94335
2562.287476	.94055
2562.528565	.93849
2562.769653	.94036
2563.010741	.94174
2563.251830	.93916
2563.492918	.9408
2563.734007	.94346
2563.975095	.9439
2564.216183	.94272
2564.457272	.94228
2564.698360	.94351
2564.939449	.9442
2565.180537	.94228
2565.421625	.94211
2565.662714	.9419
2565.903802	.94311
2566.144891	.94141
2566.385979	.93655
2566.627067	.93511
2566.868156	.93916
2567.109244	.94111
2567.350332	.94021
2567.591421	.93988
2567.832509	.94139
2568.073598	.94199
2568.314686	.94234
2568.555774	.94443
2568.796863	.94379
2569.037951	.94235
2569.279040	.94051
2569.520128	.94078
2569.761216	.94276
2570.002305	.94207
2570.243393	.94177
2570.484482	.94368
2570.725570	.94051
2570.966658	.93892
2571.207747	.9409
2571.448835	.94231
2571.689924	.94171
2571.931012	.94014
2572.172100	.9419
2572.413189	.94096
2572.654277	.93816
2572.895366	.9411
2573.136454	.94366
2573.377542	.94238
2573.618631	.943
2573.859719	.94109
2574.100808	.94078
2574.341896	.9443
2574.582984	.94464
2574.824073	.94493
2575.065161	.94374
2575.306250	.94184
2575.547338	.94208
2575.788426	.94119
2576.029515	.94045
2576.270603	.9424
2576.511692	.9433
2576.752780	.94178
2576.993868	.94046
2577.234957	.93998
2577.476045	.94061
2577.717134	.94137
2577.958222	.93999
2578.199310	.93858
2578.440399	.93739
2578.681487	.93864
2578.922576	.94113
2579.163664	.94265
2579.404752	.94243
2579.645841	.94241
2579.886929	.94301
2580.128018	.94248
2580.369106	.94256
2580.610194	.94203
2580.851283	.94051
2581.092371	.94131
2581.333459	.9416
2581.574548	.94169
2581.815636	.94123
2582.056725	.94172
2582.297813	.94074
2582.538901	.93891
2582.779990	.94048
2583.021078	.94155
2583.262167	.94202
2583.503255	.94056
2583.744343	.94006
2583.985432	.94121
2584.226520	.94289
2584.467609	.94254
2584.708697	.94095
2584.949785	.94205
2585.190874	.9423
2585.431962	.94261
2585.673051	.94373
2585.914139	.94466
2586.155227	.94565
2586.396316	.94187
2586.637404	.94089
2586.878493	.94185
2587.119581	.94227
2587.360669	.94155
2587.601758	.93747
2587.842846	.93817
2588.083935	.93845
2588.325023	.94035
2588.566111	.94336
2588.807200	.94485
2589.048288	.94482
2589.289377	.9422
2589.530465	.9399
2589.771553	.93984
2590.012642	.94313
2590.253730	.94186
2590.494819	.94353
2590.735907	.94481
2590.976995	.93954
2591.218084	.9379
2591.459172	.9408
2591.700261	.94259
2591.941349	.94315
2592.182437	.94133
2592.423526	.94052
2592.664614	.9424
2592.905703	.94329
2593.146791	.94099
2593.387879	.94117
2593.628968	.94055
2593.870056	.94211
2594.111144	.94455
2594.352233	.94328
2594.593321	.94069
2594.834410	.94034
2595.075498	.94246
2595.316586	.94294
2595.557675	.9429
2595.798763	.94209
2596.039852	.94007
2596.280940	.94113
2596.522028	.94224
2596.763117	.94117
2597.004205	.93738
2597.245294	.93801
2597.486382	.93786
2597.727470	.93679
2597.968559	.93892
2598.209647	.94353
2598.450736	.94592
2598.691824	.94429
2598.932912	.94278
2599.174001	.9404
2599.415089	.94105
2599.656178	.9441
2599.897266	.94454
2600.138354	.93987
2600.379443	.94035
2600.620531	.94287
2600.861620	.94177
2601.102708	.938
2601.343796	.93864
2601.584885	.93948
2601.825973	.94204
2602.067062	.94552
2602.308150	.94629
2602.549238	.94514
2602.790327	.9448
2603.031415	.9436
2603.272504	.94242
2603.513592	.94339
2603.754680	.9416
2603.995769	.94019
2604.236857	.93849
2604.477946	.94027
2604.719034	.94068
2604.960122	.9428
2605.201211	.94451
2605.442299	.94576
2605.683388	.94565
2605.924476	.94519
2606.165564	.94734
2606.406653	.94346
2606.647741	.93975
2606.888829	.94088
2607.129918	.94277
2607.371006	.94234
2607.612095	.93839
2607.853183	.93968
2608.094271	.9433
2608.335360	.9416
2608.576448	.94
2608.817537	.9417
2609.058625	.94202
2609.299713	.94251
2609.540802	.94278
2609.781890	.94261
2610.022979	.94342
2610.264067	.94299
2610.505155	.93904
2610.746244	.93891
2610.987332	.94381
2611.228421	.94544
2611.469509	.94311
2611.710597	.93902
2611.951686	.93791
2612.192774	.94026
2612.433863	.94086
2612.674951	.9426
2612.916039	.94518
2613.157128	.9456
2613.398216	.94397
2613.639305	.94305
2613.880393	.94322
2614.121481	.94282
2614.362570	.94298
2614.603658	.94264
2614.844747	.94268
2615.085835	.94112
2615.326923	.93892
2615.568012	.93692
2615.809100	.93625
2616.050189	.93869
2616.291277	.93922
2616.532365	.94153
2616.773454	.94245
2617.014542	.94146
2617.255631	.94398
2617.496719	.94375
2617.737807	.94345
2617.978896	.94365
2618.219984	.94319
2618.461073	.94345
2618.702161	.94103
2618.943249	.93882
2619.184338	.9393
2619.425426	.94166
2619.666515	.94247
2619.907603	.9414
2620.148691	.93844
2620.389780	.93882
2620.630868	.93854
2620.871956	.93947
2621.113045	.94108
2621.354133	.94043
2621.595222	.94053
2621.836310	.94179
2622.077398	.94304
2622.318487	.94086
2622.559575	.94061
2622.800664	.94171
2623.041752	.94351
2623.282840	.94384
2623.523929	.94369
2623.765017	.94424
2624.006106	.94327
2624.247194	.93961
2624.488282	.93765
2624.729371	.93959
2624.970459	.93908
2625.211548	.93667
2625.452636	.93712
2625.693724	.94021
2625.934813	.93941
2626.175901	.94064
2626.416990	.946
2626.658078	.94544
2626.899166	.94301
2627.140255	.94427
2627.381343	.94547
2627.622432	.94225
2627.863520	.93866
2628.104608	.94147
2628.345697	.94271
2628.586785	.94165
2628.827874	.94076
2629.068962	.94039
2629.310050	.94522
2629.551139	.94607
2629.792227	.9423
2630.033316	.94089
2630.274404	.94108
2630.515492	.93979
2630.756581	.93857
2630.997669	.93972
2631.238758	.94207
2631.479846	.94214
2631.720934	.93869
2631.962023	.93628
2632.203111	.93879
2632.444200	.93986
2632.685288	.93997
2632.926376	.94267
2633.167465	.94522
2633.408553	.94681
2633.649641	.94615
2633.890730	.9441
2634.131818	.94091
2634.372907	.93995
2634.613995	.93872
2634.855083	.94081
2635.096172	.94182
2635.337260	.94075
2635.578349	.93896
2635.819437	.93793
2636.060525	.94059
2636.301614	.94223
2636.542702	.94328
2636.783791	.9446
2637.024879	.94285
2637.265967	.94196
2637.507056	.94113
2637.748144	.94178
2637.989233	.94115
2638.230321	.9377
2638.471409	.93837
2638.712498	.93969
2638.953586	.93941
2639.194675	.94129
2639.435763	.94302
2639.676851	.94163
2639.917940	.94103
2640.159028	.94202
2640.400117	.93992
2640.641205	.93924
2640.882293	.94163
2641.123382	.94129
2641.364470	.93947
2641.605559	.93883
2641.846647	.94038
2642.087735	.94049
2642.328824	.93981
2642.569912	.94137
2642.811001	.94186
2643.052089	.94274
2643.293177	.94242
2643.534266	.94356
2643.775354	.94288
2644.016443	.94197
2644.257531	.93967
2644.498619	.94016
2644.739708	.94232
2644.980796	.94233
2645.221885	.94281
2645.462973	.94085
2645.704061	.93943
2645.945150	.94059
2646.186238	.94109
2646.427326	.94004
2646.668415	.93985
2646.909503	.94079
2647.150592	.94248
2647.391680	.9439
2647.632768	.9411
2647.873857	.94035
2648.114945	.93991
2648.356034	.94219
2648.597122	.94456
2648.838210	.94163
2649.079299	.94003
2649.320387	.94168
2649.561476	.94512
2649.802564	.94419
2650.043652	.94218
2650.284741	.94288
2650.525829	.94369
2650.766918	.94245
2651.008006	.94178
2651.249094	.94189
2651.490183	.94325
2651.731271	.94639
2651.972360	.94539
2652.213448	.94122
2652.454536	.94119
2652.695625	.94224
2652.936713	.94161
2653.177802	.94225
2653.418890	.94292
2653.659978	.94099
2653.901067	.94015
2654.142155	.94098
2654.383244	.94201
2654.624332	.94231
2654.865420	.93929
2655.106509	.93728
2655.347597	.94081
2655.588686	.94506
2655.829774	.94736
2656.070862	.94555
2656.311951	.94293
2656.553039	.94264
2656.794128	.94071
2657.035216	.94021
2657.276304	.94167
2657.517393	.94239
2657.758481	.94055
2657.999570	.93869
2658.240658	.94214
2658.481746	.94387
2658.722835	.94188
2658.963923	.93996
2659.205011	.93971
2659.446100	.93996
2659.687188	.94194
2659.928277	.94316
2660.169365	.94303
2660.410453	.94106
2660.651542	.93872
2660.892630	.93993
2661.133719	.94088
2661.374807	.94196
2661.615895	.94497
2661.856984	.94752
2662.098072	.9456
2662.339161	.94241
2662.580249	.94385
2662.821337	.94561
2663.062426	.94258
2663.303514	.94155
2663.544603	.94198
2663.785691	.94155
2664.026779	.94102
2664.267868	.94089
2664.508956	.9412
2664.750045	.93799
2664.991133	.94067
2665.232221	.94456
2665.473310	.94337
2665.714398	.94338
2665.955487	.942
2666.196575	.93935
2666.437663	.93902
2666.678752	.94005
2666.919840	.94118
2667.160929	.94048
2667.402017	.94247
2667.643105	.94586
2667.884194	.94651
2668.125282	.94603
2668.366371	.9455
2668.607459	.94348
2668.848547	.94098
2669.089636	.93957
2669.330724	.94236
2669.571813	.9459
2669.812901	.94385
2670.053989	.93796
2670.295078	.93842
2670.536166	.94292
2670.777255	.94367
2671.018343	.94289
2671.259431	.94197
2671.500520	.94281
2671.741608	.94274
2671.982697	.94452
2672.223785	.94272
2672.464873	.94244
2672.705962	.94565
2672.947050	.94447
2673.188138	.94308
2673.429227	.94286
2673.670315	.94347
2673.911404	.94319
2674.152492	.94476
2674.393580	.9461
2674.634669	.94615
2674.875757	.94363
2675.116846	.94031
2675.357934	.94059
2675.599022	.94239
2675.840111	.94269
2676.081199	.94147
2676.322288	.94072
2676.563376	.94021
2676.804464	.94048
2677.045553	.94299
2677.286641	.9412
2677.527730	.9416
2677.768818	.94006
2678.009906	.93696
2678.250995	.93954
2678.492083	.9421
2678.733172	.94024
2678.974260	.94031
2679.215348	.94246
2679.456437	.94255
2679.697525	.94232
2679.938614	.9417
2680.179702	.94008
2680.420790	.94227
2680.661879	.94485
2680.902967	.94493
2681.144056	.94423
2681.385144	.94261
2681.626232	.93949
2681.867321	.94102
2682.108409	.94335
2682.349498	.9434
2682.590586	.94072
2682.831674	.94036
2683.072763	.94205
2683.313851	.94362
2683.554940	.94052
2683.796028	.93767
2684.037116	.94179
2684.278205	.94592
2684.519293	.94315
2684.760382	.93925
2685.001470	.93979
2685.242558	.94123
2685.483647	.94303
2685.724735	.94296
2685.965823	.93908
2686.206912	.93983
2686.448000	.93992
2686.689089	.93889
2686.930177	.94057
2687.171265	.94247
2687.412354	.94208
2687.653442	.93907
2687.894531	.9393
2688.135619	.94156
2688.376707	.94228
2688.617796	.9463
2688.858884	.949
2689.099973	.94585
2689.341061	.94079
2689.582149	.94016
2689.823238	.94276
2690.064326	.94149
2690.305415	.93655
2690.546503	.93638
2690.787591	.94431
2691.028680	.94745
2691.269768	.94228
2691.510857	.9404
2691.751945	.94304
2691.993033	.94368
2692.234122	.94378
2692.475210	.94165
2692.716299	.93815
2692.957387	.93638
2693.198475	.93778
2693.439564	.93837
2693.680652	.93955
2693.921741	.94009
2694.162829	.94148
2694.403917	.94357
2694.645006	.94313
2694.886094	.94156
2695.127183	.9405
2695.368271	.94148
2695.609359	.94254
2695.850448	.94205
2696.091536	.93939
2696.332625	.93609
2696.573713	.93858
2696.814801	.94178
2697.055890	.94201
2697.296978	.94432
2697.538067	.94556
2697.779155	.94175
2698.020243	.9381
2698.261332	.93834
2698.502420	.9392
2698.743508	.93991
2698.984597	.94087
2699.225685	.9383
2699.466774	.93868
2699.707862	.93767
2699.948950	.93902
2700.190039	.94354
2700.431127	.94557
2700.672216	.94438
2700.913304	.94351
2701.154392	.94254
2701.395481	.94244
2701.636569	.94073
2701.877658	.93903
2702.118746	.94091
2702.359834	.94082
2702.600923	.94029
2702.842011	.94056
2703.083100	.94039
2703.324188	.94319
2703.565276	.94479
2703.806365	.9451
2704.047453	.94702
2704.288542	.94692
2704.529630	.9429
2704.770718	.93971
2705.011807	.94136
2705.252895	.94242
2705.493984	.93958
2705.735072	.93978
2705.976160	.94095
2706.217249	.94035
2706.458337	.94045
2706.699426	.94281
2706.940514	.94485
2707.181602	.94534
2707.422691	.94303
2707.663779	.94251
2707.904868	.94252
2708.145956	.93958
2708.387044	.93756
2708.628133	.93818
2708.869221	.94093
2709.110310	.9414
2709.351398	.9434
2709.592486	.94466
2709.833575	.94408
2710.074663	.94421
2710.315752	.94375
2710.556840	.94285
2710.797928	.93835
2711.039017	.93857
2711.280105	.94064
2711.521194	.93956
2711.762282	.93949
2712.003370	.93915
2712.244459	.94056
2712.485547	.94123
2712.726635	.9402
2712.967724	.94137
2713.208812	.94339
2713.449901	.94092
2713.690989	.93987
2713.932077	.94049
2714.173166	.94012
2714.414254	.9401
2714.655343	.94126
2714.896431	.94136
2715.137519	.94077
2715.378608	.94071
2715.619696	.94229
2715.860785	.94539
2716.101873	.9449
2716.342961	.94324
2716.584050	.94057
2716.825138	.93977
2717.066227	.94188
2717.307315	.94365
2717.548403	.94435
2717.789492	.94391
2718.030580	.94542
2718.271669	.9424
2718.512757	.94003
2718.753845	.94026
2718.994934	.9408
2719.236022	.94176
2719.477111	.94282
2719.718199	.94253
2719.959287	.94305
2720.200376	.94222
2720.441464	.93744
2720.682553	.93813
2720.923641	.94256
2721.164729	.94431
2721.405818	.94199
2721.646906	.94096
2721.887995	.94248
2722.129083	.94077
2722.370171	.93837
2722.611260	.93909
2722.852348	.94016
2723.093437	.94163
2723.334525	.94125
2723.575613	.93753
2723.816702	.93698
2724.057790	.93633
2724.298879	.93442
2724.539967	.93657
2724.781055	.9373
2725.022144	.9398
2725.263232	.94103
2725.504320	.94275
2725.745409	.94261
2725.986497	.94214
2726.227586	.94371
2726.468674	.94194
2726.709762	.93927
2726.950851	.93985
2727.191939	.9402
2727.433028	.94071
2727.674116	.94369
2727.915204	.94366
2728.156293	.94056
2728.397381	.9403
2728.638470	.9385
2728.879558	.93751
2729.120646	.93815
2729.361735	.93677
2729.602823	.94001
2729.843912	.94474
2730.085000	.94456
2730.326088	.94338
2730.567177	.94541
2730.808265	.94638
2731.049354	.94308
2731.290442	.94148
2731.531530	.9404
2731.772619	.93742
2732.013707	.93821
2732.254796	.94049
2732.495884	.93601
2732.736972	.93526
2732.978061	.94084
2733.219149	.94511
2733.460238	.94344
2733.701326	.94425
2733.942414	.94571
2734.183503	.94448
2734.424591	.94254
2734.665680	.94019
2734.906768	.94013
2735.147856	.93864
2735.388945	.93725
2735.630033	.93882
2735.871122	.94139
2736.112210	.94335
2736.353298	.94462
2736.594387	.94173
2736.835475	.93905
2737.076564	.94055
2737.317652	.93838
2737.558740	.93898
2737.799829	.94287
2738.040917	.93798
2738.282005	.93431
2738.523094	.93854
2738.764182	.94088
2739.005271	.9413
2739.246359	.94345
2739.487447	.94376
2739.728536	.94326
2739.969624	.94309
2740.210713	.94308
2740.451801	.94035
2740.692889	.93914
2740.933978	.94025
2741.175066	.94323
2741.416155	.94469
2741.657243	.94432
2741.898331	.94329
2742.139420	.93986
2742.380508	.93916
2742.621597	.94136
2742.862685	.93997
2743.103773	.9393
2743.344862	.94109
2743.585950	.94251
2743.827039	.94366
2744.068127	.94058
2744.309215	.93769
2744.550304	.938
2744.791392	.93793
2745.032481	.93952
2745.273569	.9418
2745.514657	.94362
2745.755746	.94649
2745.996834	.94341
2746.237923	.93923
2746.479011	.93947
2746.720099	.94048
2746.961188	.94055
2747.202276	.94209
2747.443365	.94497
2747.684453	.9463
2747.925541	.9426
2748.166630	.93879
2748.407718	.9368
2748.648807	.93713
2748.889895	.93891
2749.130983	.93783
2749.372072	.93738
2749.613160	.94043
2749.854249	.94221
2750.095337	.94481
2750.336425	.94382
2750.577514	.94264
2750.818602	.9435
2751.059690	.94344
2751.300779	.94412
2751.541867	.9434
2751.782956	.94144
2752.024044	.94068
2752.265132	.93917
2752.506221	.93857
2752.747309	.94323
2752.988398	.94756
2753.229486	.94405
2753.470574	.94012
2753.711663	.94014
2753.952751	.94194
2754.193840	.94236
2754.434928	.9425
2754.676016	.94267
2754.917105	.94139
2755.158193	.94307
2755.399282	.94233
2755.640370	.94127
2755.881458	.94155
2756.122547	.93947
2756.363635	.9387
2756.604724	.9398
2756.845812	.94096
2757.086900	.94379
2757.327989	.94564
2757.569077	.94441
2757.810166	.94295
2758.051254	.94136
2758.292342	.94024
2758.533431	.94011
2758.774519	.93872
2759.015608	.93715
2759.256696	.94092
2759.497784	.94249
2759.738873	.94241
2759.979961	.94016
2760.221050	.94229
2760.462138	.94321
2760.703226	.9417
2760.944315	.94119
2761.185403	.93956
2761.426492	.93843
2761.667580	.9383
2761.908668	.93806
2762.149757	.93726
2762.390845	.93919
2762.631934	.94156
2762.873022	.94204
2763.114110	.94062
2763.355199	.93944
2763.596287	.94116
2763.837376	.94041
2764.078464	.94012
2764.319552	.93922
2764.560641	.93954
2764.801729	.94307
2765.042817	.9394
2765.283906	.93494
2765.524994	.93897
2765.766083	.9436
2766.007171	.94125
2766.248259	.93937
2766.489348	.94019
2766.730436	.93858
2766.971525	.93847
2767.212613	.94207
2767.453701	.94237
2767.694790	.94285
2767.935878	.94547
2768.176967	.9444
2768.418055	.94112
2768.659143	.94219
2768.900232	.94346
2769.141320	.9415
2769.382409	.94106
2769.623497	.9383
2769.864585	.93587
2770.105674	.93855
2770.346762	.94146
2770.587851	.9381
2770.828939	.93729
2771.070027	.94086
2771.311116	.94241
2771.552204	.943
2771.793293	.94418
2772.034381	.94222
2772.275469	.94121
2772.516558	.94318
2772.757646	.94121
2772.998735	.94059
2773.239823	.93819
2773.480911	.93793
2773.722000	.94113
2773.963088	.94107
2774.204177	.94148
2774.445265	.94084
2774.686353	.93756
2774.927442	.93685
2775.168530	.93701
2775.409619	.94212
2775.650707	.94674
2775.891795	.94254
2776.132884	.94025
2776.373972	.94146
2776.615061	.94303
2776.856149	.94241
2777.097237	.93646
2777.338326	.93704
2777.579414	.94153
2777.820502	.94133
2778.061591	.93951
2778.302679	.9427
2778.543768	.9426
2778.784856	.93832
2779.025944	.93686
2779.267033	.93993
2779.508121	.94147
2779.749210	.94023
2779.990298	.9415
2780.231386	.94257
2780.472475	.94394
2780.713563	.94427
2780.954652	.94315
2781.195740	.9413
2781.436828	.94105
2781.677917	.94047
2781.919005	.93936
2782.160094	.93891
2782.401182	.94044
2782.642270	.94194
2782.883359	.94166
2783.124447	.94325
2783.365536	.94426
2783.606624	.94058
2783.847712	.93752
2784.088801	.93577
2784.329889	.93596
2784.570978	.9396
2784.812066	.94302
2785.053154	.94034
2785.294243	.93947
2785.535331	.93921
2785.776420	.93822
2786.017508	.93952
2786.258596	.94021
2786.499685	.94226
2786.740773	.94323
2786.981862	.94077
2787.222950	.94231
2787.464038	.94127
2787.705127	.94108
2787.946215	.94205
2788.187304	.9431
2788.428392	.94516
2788.669480	.94315
2788.910569	.94366
2789.151657	.94606
2789.392746	.94373
2789.633834	.94476
2789.874922	.94598
2790.116011	.94155
2790.357099	.94062
2790.598187	.94027
2790.839276	.94067
2791.080364	.93766
2791.321453	.93412
2791.562541	.93371
2791.803629	.93897
2792.044718	.94152
2792.285806	.94215
2792.526895	.94354
2792.767983	.94049
2793.009071	.9378
2793.250160	.93772
2793.491248	.94085
2793.732337	.9456
2793.973425	.94266
2794.214513	.93991
2794.455602	.94213
2794.696690	.94503
2794.937779	.94235
2795.178867	.93907
2795.419955	.93813
2795.661044	.9403
2795.902132	.94173
2796.143221	.9418
2796.384309	.94287
2796.625397	.93936
2796.866486	.93529
2797.107574	.93988
2797.348663	.94505
2797.589751	.94132
2797.830839	.93683
2798.071928	.93507
2798.313016	.93776
2798.554105	.9421
2798.795193	.94335
2799.036281	.94242
2799.277370	.9387
2799.518458	.93948
2799.759547	.94075
2800.000635	.94394
2800.241723	.94404
2800.482812	.93956
2800.723900	.93915
2800.964989	.93733
2801.206077	.93563
2801.447165	.93831
2801.688254	.9401
2801.929342	.94259
2802.170431	.94205
2802.411519	.93751
2802.652607	.93915
2802.893696	.9417
2803.134784	.93976
2803.375873	.94319
2803.616961	.94786
2803.858049	.94349
2804.099138	.93929
2804.340226	.93851
2804.581314	.93597
2804.822403	.93578
2805.063491	.94139
2805.304580	.94159
2805.545668	.93958
2805.786756	.94248
2806.027845	.94232
2806.268933	.93895
2806.510022	.93805
2806.751110	.93887
2806.992198	.94257
2807.233287	.9406
2807.474375	.93792
2807.715464	.94037
2807.956552	.93993
2808.197640	.93581
2808.438729	.93553
2808.679817	.94066
2808.920906	.93992
2809.161994	.93794
2809.403082	.93986
2809.644171	.93947
2809.885259	.93796
2810.126348	.9392
2810.367436	.9425
2810.608524	.94058
2810.849613	.94061
2811.090701	.94071
2811.331790	.93895
2811.572878	.93951
2811.813966	.93824
2812.055055	.94077
2812.296143	.94356
2812.537232	.94578
2812.778320	.94679
2813.019408	.94375
2813.260497	.93863
2813.501585	.9363
2813.742674	.93704
2813.983762	.94009
2814.224850	.94217
2814.465939	.93831
2814.707027	.93652
2814.948116	.93819
2815.189204	.93808
2815.430292	.93358
2815.671381	.93453
2815.912469	.93767
2816.153558	.94046
2816.394646	.93769
2816.635734	.93778
2816.876823	.94283
2817.117911	.94294
2817.358999	.93993
2817.600088	.93804
2817.841176	.93464
2818.082265	.93277
2818.323353	.93764
2818.564441	.9427
2818.805530	.93969
2819.046618	.93868
2819.287707	.94408
2819.528795	.94802
2819.769883	.94459
2820.010972	.93814
2820.252060	.93973
2820.493149	.93972
2820.734237	.93747
2820.975325	.93748
2821.216414	.93844
2821.457502	.94079
2821.698591	.94238
2821.939679	.94252
2822.180767	.94227
2822.421856	.94213
2822.662944	.94249
2822.904033	.94342
2823.145121	.94347
2823.386209	.9416
2823.627298	.93948
2823.868386	.93668
2824.109475	.93708
2824.350563	.9379
2824.591651	.93813
2824.832740	.94323
2825.073828	.94786
2825.314917	.94618
2825.556005	.94162
2825.797093	.94164
2826.038182	.94141
2826.279270	.93698
2826.520359	.93779
2826.761447	.94045
2827.002535	.94137
2827.243624	.94343
2827.484712	.94401
2827.725801	.93977
2827.966889	.93544
2828.207977	.93784
2828.449066	.94026
2828.690154	.93337
2828.931243	.93316
2829.172331	.94089
2829.413419	.94078
2829.654508	.93593
2829.895596	.93473
2830.136684	.94074
2830.377773	.94475
2830.618861	.94176
2830.859950	.94045
2831.101038	.93974
2831.342126	.94429
2831.583215	.94608
2831.824303	.94258
2832.065392	.9419
2832.306480	.94166
2832.547568	.94026
2832.788657	.9388
2833.029745	.93592
2833.270834	.93578
2833.511922	.93572
2833.753010	.93617
2833.994099	.9404
2834.235187	.94166
2834.476276	.93891
2834.717364	.93553
2834.958452	.93907
2835.199541	.94256
2835.440629	.94166
2835.681718	.9414
2835.922806	.94042
2836.163894	.93809
2836.404983	.93743
2836.646071	.93762
2836.887160	.93979
2837.128248	.94054
2837.369336	.93987
2837.610425	.93762
2837.851513	.93734
2838.092602	.93824
2838.333690	.93646
2838.574778	.93667
2838.815867	.93908
2839.056955	.93929
2839.298044	.93871
2839.539132	.93962
2839.780220	.94046
2840.021309	.93846
2840.262397	.93807
2840.503486	.93895
2840.744574	.94202
2840.985662	.94323
2841.226751	.93895
2841.467839	.9359
2841.708928	.93646
2841.950016	.93768
2842.191104	.93917
2842.432193	.93831
2842.673281	.93706
2842.914370	.94011
2843.155458	.94499
2843.396546	.94282
2843.637635	.93609
2843.878723	.93744
2844.119811	.94118
2844.360900	.93759
2844.601988	.9348
2844.843077	.93952
2845.084165	.94186
2845.325253	.9371
2845.566342	.9368
2845.807430	.94128
2846.048519	.93764
2846.289607	.93608
2846.530695	.93963
2846.771784	.94147
2847.012872	.93826
2847.253961	.93573
2847.495049	.93555
2847.736137	.93468
2847.977226	.93171
2848.218314	.93399
2848.459403	.93664
2848.700491	.93392
2848.941579	.93234
2849.182668	.93397
2849.423756	.93907
2849.664845	.94128
2849.905933	.93726
2850.147021	.93695
2850.388110	.9377
2850.629198	.93723
2850.870287	.93718
2851.111375	.93699
2851.352463	.93297
2851.593552	.93192
2851.834640	.93238
2852.075729	.92894
2852.316817	.9309
2852.557905	.93582
2852.798994	.9336
2853.040082	.93109
2853.281171	.93603
2853.522259	.93886
2853.763347	.9364
2854.004436	.93452
2854.245524	.93266
2854.486613	.93394
2854.727701	.93662
2854.968789	.93906
2855.209878	.9397
2855.450966	.93505
2855.692055	.93018
2855.933143	.93413
2856.174231	.93633
2856.415320	.93712
2856.656408	.93928
2856.897496	.94009
2857.138585	.9395
2857.379673	.93726
2857.620762	.93561
2857.861850	.93777
2858.102938	.9405
2858.344027	.93806
2858.585115	.93653
2858.826204	.93913
2859.067292	.93984
2859.308380	.93963
2859.549469	.93848
2859.790557	.93792
2860.031646	.94148
2860.272734	.94166
2860.513822	.9354
2860.754911	.93299
2860.995999	.93453
2861.237088	.93631
2861.478176	.93561
2861.719264	.93621
2861.960353	.9391
2862.201441	.93847
2862.442530	.93486
2862.683618	.93219
2862.924706	.93528
2863.165795	.93936
2863.406883	.93694
2863.647972	.93343
2863.889060	.93654
2864.130148	.93896
2864.371237	.93871
2864.612325	.93577
2864.853414	.93389
2865.094502	.93764
2865.335590	.93755
2865.576679	.9363
2865.817767	.93645
2866.058856	.93579
2866.299944	.93595
2866.541032	.93918
2866.782121	.93644
2867.023209	.93305
2867.264298	.93718
2867.505386	.93899
2867.746474	.93544
2867.987563	.93587
2868.228651	.93917
2868.469740	.93826
2868.710828	.9371
2868.951916	.93651
2869.193005	.93625
2869.434093	.93454
2869.675181	.93213
2869.916270	.93128
2870.157358	.93536
2870.398447	.94296
2870.639535	.94425
2870.880623	.94062
2871.121712	.93735
2871.362800	.9365
2871.603889	.93654
2871.844977	.93621
2872.086065	.93731
2872.327154	.9352
2872.568242	.93436
2872.809331	.93274
2873.050419	.93231
2873.291507	.93518
2873.532596	.94027
2873.773684	.93658
2874.014773	.931
2874.255861	.93281
2874.496949	.93325
2874.738038	.93616
2874.979126	.94013
2875.220215	.93972
2875.461303	.93651
2875.702391	.93603
2875.943480	.93679
2876.184568	.93718
2876.425657	.93959
2876.666745	.93665
2876.907833	.93492
2877.148922	.93748
2877.390010	.93625
2877.631099	.93417
2877.872187	.93307
2878.113275	.93464
2878.354364	.93589
2878.595452	.93653
2878.836541	.93755
2879.077629	.93924
2879.318717	.94079
2879.559806	.94118
2879.800894	.94147
2880.041983	.93734
2880.283071	.93207
2880.524159	.93457
2880.765248	.93787
2881.006336	.93623
2881.247425	.93434
2881.488513	.93393
2881.729601	.93685
2881.970690	.93627
2882.211778	.93605
2882.452866	.94076
2882.693955	.94186
2882.935043	.93718
2883.176132	.93669
2883.417220	.93775
2883.658308	.94018
2883.899397	.93948
2884.140485	.93452
2884.381574	.9337
2884.622662	.93649
2884.863750	.93707
2885.104839	.93791
2885.345927	.93772
2885.587016	.93522
2885.828104	.93625
2886.069192	.93555
2886.310281	.93262
2886.551369	.93388
2886.792458	.9366
2887.033546	.93656
2887.274634	.93507
2887.515723	.93458
2887.756811	.93495
2887.997900	.93678
2888.238988	.94034
2888.480076	.93941
2888.721165	.93657
2888.962253	.93628
2889.203342	.93588
2889.444430	.93587
2889.685518	.93604
2889.926607	.93857
2890.167695	.93847
2890.408784	.93312
2890.649872	.93188
2890.890960	.93463
2891.132049	.93989
2891.373137	.94266
2891.614226	.94112
2891.855314	.93797
2892.096402	.93369
2892.337491	.93291
2892.578579	.93641
2892.819668	.93844
2893.060756	.9376
2893.301844	.93631
2893.542933	.9364
2893.784021	.93644
2894.025110	.93551
2894.266198	.93442
2894.507286	.93643
2894.748375	.93349
2894.989463	.92925
2895.230552	.93143
2895.471640	.93555
2895.712728	.93834
2895.953817	.9382
2896.194905	.93802
2896.435993	.93479
2896.677082	.93275
2896.918170	.93359
2897.159259	.93471
2897.400347	.93722
2897.641435	.9384
2897.882524	.9389
2898.123612	.93888
2898.364701	.93723
2898.605789	.93447
2898.846877	.93314
2899.087966	.93419
2899.329054	.93337
2899.570143	.93396
2899.811231	.93478
2900.052319	.93843
2900.293408	.93747
2900.534496	.93356
2900.775585	.93434
2901.016673	.93568
2901.257761	.93513
2901.498850	.93429
2901.739938	.93538
2901.981027	.9379
2902.222115	.94019
2902.463203	.93683
2902.704292	.9363
2902.945380	.93675
2903.186469	.93418
2903.427557	.93246
2903.668645	.93369
2903.909734	.936
2904.150822	.93666
2904.391911	.93501
2904.632999	.93467
2904.874087	.93705
2905.115176	.93656
2905.356264	.9349
2905.597353	.93463
2905.838441	.93405
2906.079529	.93484
2906.320618	.93288
2906.561706	.93762
2906.802795	.94122
2907.043883	.93455
2907.284971	.92969
2907.526060	.9314
2907.767148	.93521
2908.008237	.93533
2908.249325	.93389
2908.490413	.93366
2908.731502	.93392
2908.972590	.93611
2909.213678	.93706
2909.454767	.93823
2909.695855	.9346
2909.936944	.93323
2910.178032	.93318
2910.419120	.93011
2910.660209	.93144
2910.901297	.93234
2911.142386	.93374
2911.383474	.9354
2911.624562	.93253
2911.865651	.93437
2912.106739	.93537
2912.347828	.93309
2912.588916	.93573
2912.830004	.93904
2913.071093	.93878
2913.312181	.93627
2913.553270	.93558
2913.794358	.93226
2914.035446	.93076
2914.276535	.9305
2914.517623	.93077
2914.758712	.93363
2914.999800	.93436
2915.240888	.93269
2915.481977	.93135
2915.723065	.92954
2915.964154	.92995
2916.205242	.93054
2916.446330	.92988
2916.687419	.93131
2916.928507	.93171
2917.169596	.93141
2917.410684	.93271
2917.651772	.93348
2917.892861	.92917
2918.133949	.92598
2918.375038	.92611
2918.616126	.92838
2918.857214	.93047
2919.098303	.93179
2919.339391	.93114
2919.580480	.9286
2919.821568	.92533
2920.062656	.92737
2920.303745	.93124
2920.544833	.93274
2920.785922	.93295
2921.027010	.93236
2921.268098	.93242
2921.509187	.92896
2921.750275	.92795
2921.991363	.93085
2922.232452	.93181
2922.473540	.92892
2922.714629	.92475
2922.955717	.92714
2923.196805	.92944
2923.437894	.93085
2923.678982	.93239
2923.920071	.9346
2924.161159	.93369
2924.402247	.93074
2924.643336	.92958
2924.884424	.93392
2925.125513	.93497
2925.366601	.93248
2925.607689	.93035
2925.848778	.93278
2926.089866	.93655
2926.330955	.93364
2926.572043	.93275
2926.813131	.9334
2927.054220	.92987
2927.295308	.92797
2927.536397	.92634
2927.777485	.92556
2928.018573	.92913
2928.259662	.93199
2928.500750	.93286
2928.741839	.93204
2928.982927	.92901
2929.224015	.92844
2929.465104	.92811
2929.706192	.92823
2929.947281	.93026
2930.188369	.92913
2930.429457	.93012
2930.670546	.93041
2930.911634	.92946
2931.152723	.9325
2931.393811	.93356
2931.634899	.92715
2931.875988	.92581
2932.117076	.92906
2932.358165	.93111
2932.599253	.93234
2932.840341	.93375
2933.081430	.93289
2933.322518	.93063
2933.563607	.92986
2933.804695	.93335
2934.045783	.9351
2934.286872	.93338
2934.527960	.93094
2934.769049	.93164
2935.010137	.93143
2935.251225	.93091
2935.492314	.93156
2935.733402	.9341
2935.974490	.93642
2936.215579	.93216
2936.456667	.93327
2936.697756	.93469
2936.938844	.93139
2937.179932	.93104
2937.421021	.93133
2937.662109	.93017
2937.903198	.9312
2938.144286	.93358
2938.385374	.93159
2938.626463	.93067
2938.867551	.93557
2939.108640	.93424
2939.349728	.93185
2939.590816	.93249
2939.831905	.93404
2940.072993	.93255
2940.314082	.93479
2940.555170	.93826
2940.796258	.93492
2941.037347	.93366
2941.278435	.93516
2941.519524	.93617
2941.760612	.93708
2942.001700	.93417
2942.242789	.93164
2942.483877	.93226
2942.724966	.93372
2942.966054	.93252
2943.207142	.93108
2943.448231	.93077
2943.689319	.93145
2943.930408	.92721
2944.171496	.92826
2944.412584	.93276
2944.653673	.9354
2944.894761	.93757
2945.135850	.93548
2945.376938	.93372
2945.618026	.93345
2945.859115	.93455
2946.100203	.93388
2946.341292	.93514
2946.582380	.93471
2946.823468	.93402
2947.064557	.93297
2947.305645	.93281
2947.546734	.93509
2947.787822	.93363
2948.028910	.93226
2948.269999	.93324
2948.511087	.93285
2948.752175	.93229
2948.993264	.9342
2949.234352	.93511
2949.475441	.93907
2949.716529	.93882
2949.957617	.93709
2950.198706	.93726
2950.439794	.93578
2950.680883	.93556
2950.921971	.93439
2951.163059	.93346
2951.404148	.93322
2951.645236	.93522
2951.886325	.93682
2952.127413	.93731
2952.368501	.93635
2952.609590	.93145
2952.850678	.93135
2953.091767	.93449
2953.332855	.93659
2953.573943	.93303
2953.815032	.93299
2954.056120	.93649
2954.297209	.9358
2954.538297	.9347
2954.779385	.93269
2955.020474	.93215
2955.261562	.93487
2955.502651	.93587
2955.743739	.93415
2955.984827	.93088
2956.225916	.93275
2956.467004	.93308
2956.708093	.93319
2956.949181	.93777
2957.190269	.94292
2957.431358	.94211
2957.672446	.9382
2957.913535	.93329
2958.154623	.93318
2958.395711	.93622
2958.636800	.93502
2958.877888	.93354
2959.118977	.93159
2959.360065	.92896
2959.601153	.92812
2959.842242	.9264
2960.083330	.92969
2960.324419	.93548
2960.565507	.93438
2960.806595	.93163
2961.047684	.93049
2961.288772	.93316
2961.529860	.9341
2961.770949	.93406
2962.012037	.93793
2962.253126	.93553
2962.494214	.9359
2962.735302	.94048
2962.976391	.93604
2963.217479	.93219
2963.458568	.93324
2963.699656	.93441
2963.940744	.93449
2964.181833	.93292
2964.422921	.93095
2964.664010	.92821
2964.905098	.92572
2965.146186	.92751
2965.387275	.93071
2965.628363	.93437
2965.869452	.94003
2966.110540	.9349
2966.351628	.93033
2966.592717	.93438
2966.833805	.93632
2967.074894	.93322
2967.315982	.9344
2967.557070	.93629
2967.798159	.93767
2968.039247	.93606
2968.280336	.93331
2968.521424	.93383
2968.762512	.93116
2969.003601	.93164
2969.244689	.93065
2969.485778	.92885
2969.726866	.93154
2969.967954	.93386
2970.209043	.93355
2970.450131	.93331
2970.691220	.93434
2970.932308	.9315
2971.173396	.92977
2971.414485	.92929
2971.655573	.93193
2971.896662	.93478
2972.137750	.93286
2972.378838	.93228
2972.619927	.93746
2972.861015	.9409
2973.102104	.93616
2973.343192	.93211
2973.584280	.93175
2973.825369	.93178
2974.066457	.93254
2974.307545	.93483
2974.548634	.93485
2974.789722	.93392
2975.030811	.93473
2975.271899	.9334
2975.512987	.93577
2975.754076	.93835
2975.995164	.93731
2976.236253	.93388
2976.477341	.93285
2976.718429	.93349
2976.959518	.93625
2977.200606	.93849
2977.441695	.93649
2977.682783	.93359
2977.923871	.93405
2978.164960	.93742
2978.406048	.93775
2978.647137	.93615
2978.888225	.93226
2979.129313	.93232
2979.370402	.9375
2979.611490	.93661
2979.852579	.93329
2980.093667	.936
2980.334755	.93708
2980.575844	.93526
2980.816932	.93669
2981.058021	.93884
2981.299109	.939
2981.540197	.93627
2981.781286	.93686
2982.022374	.93888
2982.263463	.93785
2982.504551	.93671
2982.745639	.93851
2982.986728	.93779
2983.227816	.93482
2983.468905	.93326
2983.709993	.93475
2983.951081	.9344
2984.192170	.93271
2984.433258	.93405
2984.674347	.93767
2984.915435	.94017
2985.156523	.94145
2985.397612	.9415
2985.638700	.94187
2985.879789	.94181
2986.120877	.93762
2986.361965	.93854
2986.603054	.94101
2986.844142	.93842
2987.085231	.93669
2987.326319	.93543
2987.567407	.93729
2987.808496	.93653
2988.049584	.9353
2988.290672	.93631
2988.531761	.9323
2988.772849	.93284
2989.013938	.94221
2989.255026	.94515
2989.496114	.93915
2989.737203	.93556
2989.978291	.93701
2990.219380	.93955
2990.460468	.94006
2990.701556	.9383
2990.942645	.93587
2991.183733	.93425
2991.424822	.93447
2991.665910	.93472
2991.906998	.9358
2992.148087	.93812
2992.389175	.93864
2992.630264	.93697
2992.871352	.93836
2993.112440	.93863
2993.353529	.93816
2993.594617	.94051
2993.835706	.93862
2994.076794	.93859
2994.317882	.94117
2994.558971	.93938
2994.800059	.93666
2995.041148	.93739
2995.282236	.93903
2995.523324	.94068
2995.764413	.94135
2996.005501	.93734
2996.246590	.93586
2996.487678	.93941
2996.728766	.93589
2996.969855	.93485
2997.210943	.93929
2997.452032	.94241
2997.693120	.94295
2997.934208	.9398
2998.175297	.93823
2998.416385	.93938
2998.657474	.93736
2998.898562	.93631
2999.139650	.93688
2999.380739	.93654
2999.621827	.93828
2999.862916	.94129
3000.104004	.93898