499.535156	.006002
500.499510	.0047399
501.463863	.0057154
502.428217	.0067168
503.392571	.0061164
504.356924	.0053418
505.321278	.0047741
506.285631	.0042235
507.249985	.0044197
508.214339	.0049829
509.178692	.0049882
510.143046	.0047195
511.107399	.0049537
512.071753	.0050141
513.036106	.004687
514.000460	.00515
514.964814	.0062691
515.929167	.0061992
516.893521	.0057981
517.857874	.0061923
518.822228	.0077994
519.786582	.0089233
520.750935	.0081509
521.715289	.0071465
522.679642	.0075107
523.643996	.0087073
524.608349	.010133
525.572703	.01104
526.537057	.010748
527.501410	.0097684
528.465764	.0096591
529.430117	.011055
530.394471	.01222
531.358825	.011507
532.323178	.010141
533.287532	.00939
534.251885	.0086498
535.216239	.0075449
536.180593	.0065289
537.144946	.0060056
538.109300	.0062082
539.073653	.0063852
540.038007	.0056021
541.002360	.004193
541.966714	.0035269
542.931068	.0042217
543.895421	.0053374
544.859775	.0051653
545.824128	.0039386
546.788482	.0033515
547.752836	.0037925
548.717189	.0042542
549.681543	.0043275
550.645896	.0043363
551.610250	.0040618
552.574603	.0033165
553.538957	.0031932
554.503311	.0036284
555.467664	.0040062
556.432018	.0039599
557.396371	.003141
558.360725	.0024178
559.325079	.0026206
560.289432	.0032241
561.253786	.0037412
562.218139	.0037932
563.182493	.003365
564.146846	.0023562
565.111200	.0015746
566.075554	.0018642
567.039907	.0024856
568.004261	.0022134
568.968614	.002654
569.932968	.0038864
570.897322	.0045259
571.861675	.0040948
572.826029	.0033648
573.790382	.0028602
574.754736	.0028334
575.719090	.0028858
576.683443	.002478
577.647797	.001994
578.612150	.0022696
579.576504	.0028327
580.540857	.0031543
581.505211	.0033318
582.469565	.0034236
583.433918	.0037563
584.398272	.0036361
585.362625	.0020154
586.326979	.0016438
587.291333	.0016693
588.255686	.0018255
589.220040	.0020263
590.184393	.0027991
591.148747	.0032011
592.113100	.0031482
593.077454	.0030349
594.041808	.0024797
595.006161	.0016352
595.970515	.0014664
596.934868	.0021598
597.899222	.0029527
598.863576	.0029967
599.827929	.0023977
600.792283	.0018705
601.756636	.0018838
602.720990	.0020212
603.685343	.0026852
604.649697	.0033813
605.614051	.0032174
606.578404	.0027937
607.542758	.0025072
608.507111	.0020653
609.471465	.0019407
610.435819	.0022924
611.400172	.002477
612.364526	.0020426
613.328879	.0017538
614.293233	.0021979
615.257587	.0030556
616.221940	.0033911
617.186294	.0030074
618.150647	.0023424
619.115001	.0020068
620.079354	.0020879
621.043708	.0023669
622.008062	.0022543
622.972415	.0019411
623.936769	.0019384
624.901122	.002351
625.865476	.0027764
626.829830	.0031885
627.794183	.0032372
628.758537	.0026463
629.722890	.0019999
630.687244	.0020383
631.651597	.0025894
632.615951	.0030149
633.580305	.0028532
634.544658	.0022241
635.509012	.0021531
636.473365	.0027887
637.437719	.0030219
638.402073	.0027003
639.366426	.002061
640.330780	.0014935
641.295133	.0018095
642.259487	.0026884
643.223841	.0029824
644.188194	.0027201
645.152548	.0022507
646.116901	.0017443
647.081255	.0016562
648.045608	.0022377
649.009962	.0029635
649.974316	.0030091
650.938669	.0022313
651.903023	.0016552
652.867376	.0016196
653.831730	.0018455
654.796084	.0023062
655.760437	.0026278
656.724791	.0023457
657.689144	.0017127
658.653498	.0012257
659.617851	.0012517
660.582205	.0015675
661.546559	.0019861
662.510912	.0022574
663.475266	.0022015
664.439619	.0024851
665.403973	.0029688
666.368327	.0030655
667.332680	.0034039
668.297034	.0039514
669.261387	.0030469
670.225741	.002087
671.190094	.0020055
672.154448	.0023708
673.118802	.0022325
674.083155	.0016279
675.047509	.0013835
676.011862	.0014006
676.976216	.0014719
677.940570	.001646
678.904923	.0018591
679.869277	.0019395
680.833630	.0018481
681.797984	.0016162
682.762338	.0013724
683.726691	.0015374
684.691045	.0022402
685.655398	.0026253
686.619752	.0026398
687.584105	.0024303
688.548459	.0020204
689.512813	.00173
690.477166	.0020196
691.441520	.0022938
692.405873	.0021992
693.370227	.0020978
694.334581	.0019774
695.298934	.0018267
696.263288	.0018061
697.227641	.0017324
698.191995	.001363
699.156348	.0010966
700.120702	.0012488
701.085056	.0014338
702.049409	.0016155
703.013763	.001856
703.978116	.0019876
704.942470	.0021087
705.906824	.0023112
706.871177	.0022456
707.835531	.0019204
708.799884	.0017216
709.764238	.0015538
710.728591	.0012813
711.692945	.0013052
712.657299	.0013113
713.621652	.0011771
714.586006	.001207
715.550359	.0016424
716.514713	.0018235
717.479067	.0015997
718.443420	.0013648
719.407774	.0011739
720.372127	.0011901
721.336481	.0015416
722.300835	.0020454
723.265188	.0023551
724.229542	.002138
725.193895	.0015583
726.158249	.0009998
727.122602	.001188
728.086956	.0017034
729.051310	.0018006
730.015663	.00143
730.980017	.0011965
731.944370	.0013087
732.908724	.0014873
733.873078	.0014886
734.837431	.0015413
735.801785	.0015596
736.766138	.0013295
737.730492	.0011292
738.694845	.0010457
739.659199	.0008995
740.623553	.0010119
741.587906	.0006252
742.552260	.0003057
743.516613	.0004926
744.480967	.001194
745.445321	.0018468
746.409674	.0017568
747.374028	.0014433
748.338381	.001649
749.302735	.0018287
750.267088	.0014744
751.231442	.0009633
752.195796	.0008535
753.160149	.0010027
754.124503	.0010487
755.088856	.0010378
756.053210	.0011022
757.017564	.001132
757.981917	.0011436
758.946271	.0011224
759.910624	.0012436
760.874978	.0015349
761.839332	.0015443
762.803685	.0013957
763.768039	.0014116
764.732392	.0013897
765.696746	.0010002
766.661099	.0006568
767.625453	.000887
768.589807	.0009968
769.554160	.0009544
770.518514	.0009189
771.482867	.0008215
772.447221	.0007185
773.411575	.0007663
774.375928	.0010188
775.340282	.0013354
776.304635	.0015171
777.268989	.0016905
778.233342	.0018712
779.197696	.0018286
780.162050	.0016115
781.126403	.0015041
782.090757	.0013066
783.055110	.0008779
784.019464	.0006614
784.983818	.000788
785.948171	.0009693
786.912525	.0012069
787.876878	.0012528
788.841232	.0010353
789.805586	.0007563
790.769939	.0006413
791.734293	.0009785
792.698646	.0010817
793.663000	.0007921
794.627353	.0009164
795.591707	.0014135
796.556061	.0016698
797.520414	.0014144
798.484768	.0010164
799.449121	.0009674
800.413475	.001178
801.377829	.0012454
802.342182	.001162
803.306536	.0009298
804.270889	.0007885
805.235243	.0008682
806.199596	.0005649
807.163950	.0003616
808.128304	.000761
809.092657	.0012148
810.057011	.0012541
811.021364	.0011463
811.985718	.0010728
812.950072	.0009268
813.914425	.0006075
814.878779	.0002874
815.843132	.0005283
816.807486	.001116
817.771839	.0016194
818.736193	.001751
819.700547	.0015102
820.664900	.0011539
821.629254	.0011227
822.593607	.0013229
823.557961	.0013198
824.522315	.0011192
825.486668	.0012786
826.451022	.0012057
827.415375	.0007693
828.379729	.0006126
829.344083	.0010368
830.308436	.0014376
831.272790	.0013657
832.237143	.0009823
833.201497	.000727
834.165850	.0008296
835.130204	.0010905
836.094558	.0010211
837.058911	.0006963
838.023265	.0008438
838.987618	.001292
839.951972	.0011894
840.916326	.0007552
841.880679	.0006061
842.845033	.0008839
843.809386	.0012943
844.773740	.001318
845.738093	.0008838
846.702447	.0006598
847.666801	.0008472
848.631154	.0011163
849.595508	.0010386
850.559861	.0005474
851.524215	.0002972
852.488569	.0006369
853.452922	.0011985
854.417276	.0016189
855.381629	.0015871
856.345983	.001237
857.310336	.0009548
858.274690	.0007799
859.239044	.0006706
860.203397	.0008278
861.167751	.0010711
862.132104	.0011153
863.096458	.0010544
864.060812	.0012142
865.025165	.0013347
865.989519	.0013463
866.953872	.0013846
867.918226	.0013086
868.882580	.0009336
869.846933	.0005978
870.811287	.000536
871.775640	.0007401
872.739994	.0009687
873.704347	.0010015
874.668701	.0008772
875.633055	.0009688
876.597408	.0011614
877.561762	.0010875
878.526115	.0007392
879.490469	.0004245
880.454823	.0002408
881.419176	.0003631
882.383530	.0003334
883.347883	.000714
884.312237	.0011012
885.276590	.0010402
886.240944	.000785
887.205298	.0008299
888.169651	.0010239
889.134005	.0009063
890.098358	.0006187
891.062712	.0006778
892.027066	.0009294
892.991419	.0010776
893.955773	.0010636
894.920126	.0009183
895.884480	.000608
896.848834	.0005276
897.813187	.0008549
898.777541	.000988
899.741894	.0006847
900.706248	.0004773
901.670601	.0006074
902.634955	.0007657
903.599309	.0007107
904.563662	.0006421
905.528016	.00069
906.492369	.0006981
907.456723	.0006939
908.421077	.0007318
909.385430	.0007078
910.349784	.0007065
911.314137	.0007214
912.278491	.0007384
913.242844	.0008032
914.207198	.000751
915.171552	.0005821
916.135905	.0005857
917.100259	.000785
918.064612	.0009367
919.028966	.0008213
919.993320	.00048
920.957673	.0003627
921.922027	.0006283
922.886380	.0007763
923.850734	.0005967
924.815087	.0004297
925.779441	.000538
926.743795	.0006948
927.708148	.0006917
928.672502	.0005899
929.636855	.0004769
930.601209	.0004597
931.565563	.0004903
932.529916	.00049
933.494270	.0005345
934.458623	.0006256
935.422977	.0007461
936.387331	.0007991
937.351684	.0007411
938.316038	.000524
939.280391	.0003818
940.244745	.000408
941.209098	.0006473
942.173452	.0008527
943.137806	.0009816
944.102159	.0008172
945.066513	.0004657
946.030866	.0002613
946.995220	.0003656
947.959574	.0005821
948.923927	.0007042
949.888281	.000629
950.852634	.0005865
951.816988	.0005969
952.781341	.0005349
953.745695	.0005288
954.710049	.0006792
955.674402	.000672
956.638756	.0003543
957.603109	.0001653
958.567463	.0003727
959.531817	.0005563
960.496170	.0005714
961.460524	.0004481
962.424877	.0003508
963.389231	.0003132
964.353584	.0004547
965.317938	.0005796
966.282292	.0006899
967.246645	.0009128
968.210999	.0011037
969.175352	.0010063
970.139706	.0007709
971.104060	.0007374
972.068413	.0007911
973.032767	.000591
973.997120	.0004362
974.961474	.0005791
975.925828	.0007654
976.890181	.000908
977.854535	.0009773
978.818888	.0008878
979.783242	.0008784
980.747595	.0010363
981.711949	.0010802
982.676303	.0009227
983.640656	.000814
984.605010	.0009829
985.569363	.0012681
986.533717	.0013303
987.498071	.0012639
988.462424	.0013738
989.426778	.0015794
990.391131	.0015486
991.355485	.0013255
992.319838	.0012266
993.284192	.0013102
994.248546	.0013957
995.212899	.0014763
996.177253	.0015283
997.141606	.0015648
998.105960	.0015919
999.070314	.0016109
1000.034667	.0016075
1000.999021	.0016037
1001.963374	.0015856
1002.927728	.0016018
1003.892082	.0016475
1004.856435	.0017052
1005.820789	.0017601
1006.785142	.0017852
1007.749496	.001764
1008.713849	.0017278
1009.678203	.0017902
1010.642557	.0020306
1011.606910	.0022361
1012.571264	.0021616
1013.535617	.0019966
1014.499971	.0020798
1015.464325	.0022892
1016.428678	.0024387
1017.393032	.002431
1018.357385	.0022831
1019.321739	.0023458
1020.286092	.00278
1021.250446	.0032535
1022.214800	.0034119
1023.179153	.0032559
1024.143507	.0031906
1025.107860	.0033328
1026.072214	.0033553
1027.036568	.0032945
1028.000921	.0034404
1028.965275	.0037169
1029.929628	.0037344
1030.893982	.0034466
1031.858335	.0034085
1032.822689	.0037292
1033.787043	.0038915
1034.751396	.0038436
1035.715750	.0038908
1036.680103	.0040036
1037.644457	.004024
1038.608811	.0040461
1039.573164	.004172
1040.537518	.0043395
1041.501871	.0045515
1042.466225	.0047462
1043.430579	.0048441
1044.394932	.0050397
1045.359286	.0054621
1046.323639	.0058524
1047.287993	.006075
1048.252346	.0062353
1049.216700	.0063557
1050.181054	.0064335
1051.145407	.0065989
1052.109761	.0069097
1053.074114	.0071072
1054.038468	.0069391
1055.002822	.0066446
1055.967175	.0066129
1056.931529	.0067433
1057.895882	.0066603
1058.860236	.0063818
1059.824589	.0062604
1060.788943	.0063778
1061.753297	.0064935
1062.717650	.0064293
1063.682004	.0062619
1064.646357	.0063794
1065.610711	.0067787
1066.575065	.0068893
1067.539418	.0067098
1068.503772	.0068576
1069.468125	.0074727
1070.432479	.008067
1071.396832	.0084414
1072.361186	.0088847
1073.325540	.0094409
1074.289893	.010004
1075.254247	.010448
1076.218600	.010558
1077.182954	.010629
1078.147308	.011162
1079.111661	.011955
1080.076015	.012446
1081.040368	.012506
1082.004722	.012491
1082.969076	.012751
1083.933429	.013281
1084.897783	.013747
1085.862136	.013904
1086.826490	.013958
1087.790843	.014179
1088.755197	.01442
1089.719551	.014541
1090.683904	.014754
1091.648258	.01519
1092.612611	.015698
1093.576965	.016147
1094.541319	.016401
1095.505672	.016493
1096.470026	.016855
1097.434379	.017518
1098.398733	.018012
1099.363086	.018247
1100.327440	.018302
1101.291794	.018232
1102.256147	.018289
1103.220501	.018461
1104.184854	.018592
1105.149208	.018717
1106.113562	.018792
1107.077915	.018775
1108.042269	.01867
1109.006622	.018527
1109.970976	.018491
1110.935330	.018423
1111.899683	.018188
1112.864037	.018065
1113.828390	.018123
1114.792744	.018157
1115.757097	.018138
1116.721451	.018066
1117.685805	.017996
1118.650158	.017986
1119.614512	.017988
1120.578865	.01796
1121.543219	.017833
1122.507573	.017701
1123.471926	.017742
1124.436280	.017822
1125.400633	.017744
1126.364987	.017657
1127.329340	.017799
1128.293694	.018108
1129.258048	.018406
1130.222401	.018543
1131.186755	.018455
1132.151108	.018395
1133.115462	.01867
1134.079816	.01922
1135.044169	.019736
1136.008523	.02013
1136.972876	.020577
1137.937230	.021167
1138.901583	.021808
1139.865937	.022405
1140.830291	.023015
1141.794644	.023624
1142.758998	.024202
1143.723351	.024873
1144.687705	.025567
1145.652059	.0262
1146.616412	.026931
1147.580766	.027714
1148.545119	.028313
1149.509473	.028718
1150.473827	.029025
1151.438180	.029198
1152.402534	.029294
1153.366887	.029431
1154.331241	.029387
1155.295594	.029044
1156.259948	.028658
1157.224302	.028275
1158.188655	.027772
1159.153009	.027254
1160.117362	.026842
1161.081716	.026445
1162.046070	.026133
1163.010423	.02616
1163.974777	.026362
1164.939130	.026502
1165.903484	.02683
1166.867837	.027465
1167.832191	.028155
1168.796545	.028936
1169.760898	.02993
1170.725252	.030894
1171.689605	.031725
1172.653959	.032564
1173.618313	.033452
1174.582666	.034326
1175.547020	.03513
1176.511373	.035868
1177.475727	.036471
1178.440080	.036784
1179.404434	.036893
1180.368788	.037096
1181.333141	.037391
1182.297495	.037513
1183.261848	.037298
1184.226202	.036836
1185.190556	.036452
1186.154909	.036257
1187.119263	.03608
1188.083616	.035952
1189.047970	.036036
1190.012324	.03626
1190.976677	.036441
1191.941031	.036634
1192.905384	.037047
1193.869738	.03766
1194.834091	.038318
1195.798445	.039045
1196.762799	.039903
1197.727152	.040949
1198.691506	.042272
1199.655859	.043649
1200.620213	.04478
1201.584567	.045803
1202.548920	.046938
1203.513274	.048056
1204.477627	.04895
1205.441981	.049691
1206.406334	.050476
1207.370688	.051418
1208.335042	.052612
1209.299395	.054026
1210.263749	.055426
1211.228102	.056839
1212.192456	.058533
1213.156810	.060466
1214.121163	.062368
1215.085517	.064116
1216.049870	.06586
1217.014224	.067768
1217.978578	.069688
1218.942931	.071324
1219.907285	.072654
1220.871638	.073918
1221.835992	.075199
1222.800345	.07645
1223.764699	.077832
1224.729053	.07946
1225.693406	.08109
1226.657760	.082491
1227.622113	.083718
1228.586467	.084846
1229.550821	.085893
1230.515174	.086933
1231.479528	.088056
1232.443881	.089192
1233.408235	.09019
1234.372588	.091121
1235.336942	.092062
1236.301296	.092904
1237.265649	.093564
1238.230003	.094031
1239.194356	.09432
1240.158710	.094444
1241.123064	.094318
1242.087417	.093834
1243.051771	.093146
1244.016124	.092677
1244.980478	.092632
1245.944831	.092758
1246.909185	.092851
1247.873539	.093068
1248.837892	.093532
1249.802246	.09408
1250.766599	.094652
1251.730953	.095461
1252.695307	.09648
1253.659660	.097389
1254.624014	.098048
1255.588367	.09862
1256.552721	.099264
1257.517075	.099945
1258.481428	.10058
1259.445782	.10117
1260.410135	.10163
1261.374489	.10186
1262.338842	.10188
1263.303196	.10158
1264.267550	.10095
1265.231903	.10014
1266.196257	.099122
1267.160610	.097929
1268.124964	.096641
1269.089318	.095258
1270.053671	.093808
1271.018025	.092315
1271.982378	.090908
1272.946732	.089795
1273.911085	.088967
1274.875439	.088314
1275.839793	.087806
1276.804146	.087383
1277.768500	.087104
1278.732853	.08701
1279.697207	.086935
1280.661561	.086926
1281.625914	.087215
1282.590268	.087765
1283.554621	.088333
1284.518975	.088963
1285.483328	.089875
1286.447682	.090918
1287.412036	.091794
1288.376389	.092574
1289.340743	.093505
1290.305096	.094488
1291.269450	.095331
1292.233804	.096197
1293.198157	.097282
1294.162511	.098527
1295.126864	.099833
1296.091218	.10127
1297.055572	.10298
1298.019925	.10494
1298.984279	.10702
1299.948632	.1093
1300.912986	.11199
1301.877339	.11502
1302.841693	.11821
1303.806047	.12151
1304.770400	.12505
1305.734754	.12884
1306.699107	.13265
1307.663461	.13627
1308.627815	.13966
1309.592168	.14299
1310.556522	.14634
1311.520875	.14964
1312.485229	.15281
1313.449582	.15579
1314.413936	.15864
1315.378290	.16148
1316.342643	.16424
1317.306997	.16662
1318.271350	.16866
1319.235704	.17056
1320.200058	.1723
1321.164411	.17384
1322.128765	.17519
1323.093118	.17641
1324.057472	.17759
1325.021825	.17885
1325.986179	.18042
1326.950533	.18237
1327.914886	.18462
1328.879240	.18722
1329.843593	.19037
1330.807947	.19403
1331.772301	.19812
1332.736654	.20258
1333.701008	.20736
1334.665361	.2123
1335.629715	.21728
1336.594069	.22244
1337.558422	.22789
1338.522776	.23358
1339.487129	.23914
1340.451483	.24422
1341.415836	.24888
1342.380190	.25345
1343.344544	.25812
1344.308897	.26286
1345.273251	.26749
1346.237604	.27185
1347.201958	.27603
1348.166312	.28005
1349.130665	.28387
1350.095019	.28763
1351.059372	.29143
1352.023726	.29536
1352.988079	.29946
1353.952433	.30361
1354.916787	.30753
1355.881140	.31102
1356.845494	.31417
1357.809847	.31708
1358.774201	.31996
1359.738555	.32305
1360.702908	.32613
1361.667262	.32905
1362.631615	.33194
1363.595969	.33438
1364.560323	.33638
1365.524676	.33885
1366.489030	.34195
1367.453383	.3453
1368.417737	.34849
1369.382090	.35128
1370.346444	.35392
1371.310798	.35662
1372.275151	.35956
1373.239505	.36288
1374.203858	.36588
1375.168212	.36812
1376.132566	.37022
1377.096919	.37288
1378.061273	.37608
1379.025626	.37941
1379.989980	.3826
1380.954333	.38556
1381.918687	.38817
1382.883041	.3906
1383.847394	.39304
1384.811748	.39557
1385.776101	.39864
1386.740455	.40232
1387.704809	.40501
1388.669162	.40614
1389.633516	.40755
1390.597869	.40986
1391.562223	.41242
1392.526576	.41546
1393.490930	.41951
1394.455284	.42303
1395.419637	.42396
1396.383991	.42372
1397.348344	.42478
1398.312698	.42721
1399.277052	.42895
1400.241405	.42918
1401.205759	.42978
1402.170112	.43175
1403.134466	.43469
1404.098820	.43808
1405.063173	.44061
1406.027527	.4415
1406.991880	.44203
1407.956234	.44305
1408.920587	.4441
1409.884941	.44487
1410.849295	.44564
1411.813648	.44658
1412.778002	.44752
1413.742355	.44846
1414.706709	.44969
1415.671063	.45133
1416.635416	.45319
1417.599770	.45577
1418.564123	.45889
1419.528477	.45803
1420.492830	.45208
1421.457184	.44713
1422.421538	.44524
1423.385891	.44452
1424.350245	.44298
1425.314598	.4407
1426.278952	.43913
1427.243306	.43868
1428.207659	.43922
1429.172013	.4404
1430.136366	.44074
1431.100720	.43987
1432.065073	.43918
1433.029427	.43903
1433.993781	.43945
1434.958134	.44218
1435.922488	.44769
1436.886841	.45063
1437.851195	.44814
1438.815549	.44643
1439.779902	.44794
1440.744256	.45087
1441.708609	.45405
1442.672963	.45734
1443.637317	.46075
1444.601670	.46422
1445.566024	.46798
1446.530377	.47265
1447.494731	.47766
1448.459084	.48114
1449.423438	.48347
1450.387792	.48695
1451.352145	.49187
1452.316499	.49707
1453.280852	.50227
1454.245206	.50881
1455.209560	.51871
1456.173913	.53136
1457.138267	.5391
1458.102620	.5378
1459.066974	.53468
1460.031327	.53339
1460.995681	.53417
1461.960035	.53678
1462.924388	.54137
1463.888742	.5485
1464.853095	.55502
1465.817449	.55726
1466.781803	.55841
1467.746156	.5615
1468.710510	.56549
1469.674863	.56996
1470.639217	.57669
1471.603571	.58535
1472.567924	.59105
1473.532278	.59053
1474.496631	.5887
1475.460985	.59021
1476.425338	.59267
1477.389692	.59307
1478.354046	.59373
1479.318399	.59645
1480.282753	.60007
1481.247106	.60304
1482.211460	.60464
1483.175814	.60554
1484.140167	.6065
1485.104521	.60797
1486.068874	.61062
1487.033228	.61344
1487.997581	.61531
1488.961935	.61808
1489.926289	.62136
1490.890642	.62135
1491.854996	.61921
1492.819349	.61899
1493.783703	.62151
1494.748057	.62697
1495.712410	.63349
1496.676764	.63555
1497.641117	.63455
1498.605471	.63415
1499.569824	.63221
1500.534178	.62999
1501.498532	.63006
1502.462885	.63159
1503.427239	.63531
1504.391592	.64425
1505.355946	.65871
1506.320300	.67026
1507.284653	.66867
1508.249007	.66076
1509.213360	.65503
1510.177714	.65199
1511.142068	.65127
1512.106421	.65164
1513.070775	.65103
1514.035128	.65112
1514.999482	.65422
1515.963835	.66015
1516.928189	.66558
1517.892543	.66624
1518.856896	.66695
1519.821250	.674
1520.785603	.68321
1521.749957	.68444
1522.714311	.67825
1523.678664	.67357
1524.643018	.67343
1525.607371	.67391
1526.571725	.67229
1527.536078	.67093
1528.500432	.66999
1529.464786	.6691
1530.429139	.67026
1531.393493	.67446
1532.357846	.68135
1533.322200	.68711
1534.286554	.68601
1535.250907	.68115
1536.215261	.67918
1537.179614	.68296
1538.143968	.69327
1539.108321	.70446
1540.072675	.70548
1541.037029	.7013
1542.001382	.69807
1542.965736	.69389
1543.930089	.69217
1544.894443	.69314
1545.858797	.69151
1546.823150	.68845
1547.787504	.68831
1548.751857	.69093
1549.716211	.69293
1550.680565	.6914
1551.644918	.68884
1552.609272	.69014
1553.573625	.69519
1554.537979	.69745
1555.502332	.69655
1556.466686	.70248
1557.431040	.71813
1558.395393	.73349
1559.359747	.73544
1560.324100	.72306
1561.288454	.70834
1562.252808	.70078
1563.217161	.6997
1564.181515	.70101
1565.145868	.70082
1566.110222	.69893
1567.074575	.69906
1568.038929	.70396
1569.003283	.71139
1569.967636	.71381
1570.931990	.71039
1571.896343	.70857
1572.860697	.71016
1573.825051	.71418
1574.789404	.72203
1575.753758	.73033
1576.718111	.72812
1577.682465	.71925
1578.646819	.71419
1579.611172	.71293
1580.575526	.71306
1581.539879	.71396
1582.504233	.71553
1583.468586	.71759
1584.432940	.72003
1585.397294	.72263
1586.361647	.72488
1587.326001	.72648
1588.290354	.72742
1589.254708	.72779
1590.219062	.72759
1591.183415	.72694
1592.147769	.72619
1593.112122	.72591
1594.076476	.72637
1595.040829	.72735
1596.005183	.72871
1596.969537	.73054
1597.933890	.73283
1598.898244	.73532
1599.862597	.73768
1600.826951	.73955
1601.791305	.74051
1602.755658	.74039
1603.720012	.73942
1604.684365	.73822
1605.648719	.73754
1606.613072	.73751
1607.577426	.73806
1608.541780	.7394
1609.506133	.74123
1610.470487	.74303
1611.434840	.74493
1612.399194	.74707
1613.363548	.74934
1614.327901	.75283
1615.292255	.75998
1616.256608	.76741
1617.220962	.76401
1618.185316	.75406
1619.149669	.74867
1620.114023	.74778
1621.078376	.74942
1622.042730	.7542
1623.007083	.7602
1623.971437	.76152
1624.935791	.75919
1625.900144	.7597
1626.864498	.76356
1627.828851	.76601
1628.793205	.76435
1629.757559	.76161
1630.721912	.76003
1631.686266	.75914
1632.650619	.75974
1633.614973	.76542
1634.579326	.77684
1635.543680	.78327
1636.508034	.77798
1637.472387	.77223
1638.436741	.77028
1639.401094	.77041
1640.365448	.7715
1641.329802	.77236
1642.294155	.77263
1643.258509	.77304
1644.222862	.77617
1645.187216	.78311
1646.151569	.78833
1647.115923	.78669
1648.080277	.78145
1649.044630	.7768
1650.008984	.7771
1650.973337	.78713
1651.937691	.80864
1652.902045	.82798
1653.866398	.82015
1654.830752	.80201
1655.795105	.79069
1656.759459	.78576
1657.723813	.78377
1658.688166	.78245
1659.652520	.7817
1660.616873	.78285
1661.581227	.78725
1662.545580	.7917
1663.509934	.79122
1664.474288	.78894
1665.438641	.78945
1666.402995	.79255
1667.367348	.79847
1668.331702	.80695
1669.296056	.81121
1670.260409	.80753
1671.224763	.80202
1672.189116	.79726
1673.153470	.79555
1674.117823	.80063
1675.082177	.80644
1676.046531	.80267
1677.010884	.7964
1677.975238	.79581
1678.939591	.7993
1679.903945	.80313
1680.868299	.80576
1681.832652	.81044
1682.797006	.82099
1683.761359	.83259
1684.725713	.82969
1685.690067	.81366
1686.654420	.80302
1687.618774	.80023
1688.583127	.80029
1689.547481	.80061
1690.511834	.80075
1691.476188	.80113
1692.440542	.80285
1693.404895	.8075
1694.369249	.81763
1695.333602	.82952
1696.297956	.82865
1697.262310	.819
1698.226663	.81852
1699.191017	.83131
1700.155370	.8423
1701.119724	.82852
1702.084077	.81125
1703.048431	.80701
1704.012785	.8103
1704.977138	.81418
1705.941492	.81619
1706.905845	.81532
1707.870199	.81294
1708.834553	.81232
1709.798906	.81287
1710.763260	.81218
1711.727613	.81081
1712.691967	.81112
1713.656320	.81419
1714.620674	.81748
1715.585028	.81932
1716.549381	.82362
1717.513735	.82908
1718.478088	.82644
1719.442442	.81819
1720.406796	.81346
1721.371149	.81334
1722.335503	.81494
1723.299856	.81579
1724.264210	.81503
1725.228564	.81343
1726.192917	.81184
1727.157271	.81047
1728.121624	.81031
1729.085978	.81205
1730.050331	.81345
1731.014685	.81395
1731.979039	.81867
1732.943392	.83073
1733.907746	.8414
1734.872099	.83643
1735.836453	.82501
1736.800807	.81966
1737.765160	.82032
1738.729514	.8245
1739.693867	.8267
1740.658221	.82209
1741.622574	.81697
1742.586928	.81614
1743.551282	.81621
1744.515635	.81523
1745.479989	.81566
1746.444342	.8185
1747.408696	.82255
1748.373050	.82593
1749.337403	.82845
1750.301757	.83178
1751.266110	.83239
1752.230464	.82652
1753.194817	.82025
1754.159171	.81756
1755.123525	.81786
1756.087878	.81985
1757.052232	.81981
1758.016585	.81709
1758.980939	.81566
1759.945293	.818
1760.909646	.82369
1761.874000	.82748
1762.838353	.82554
1763.802707	.82263
1764.767061	.82184
1765.731414	.8222
1766.695768	.82411
1767.660121	.82642
1768.624475	.82516
1769.588828	.8229
1770.553182	.82557
1771.517536	.83191
1772.481889	.8337
1773.446243	.82802
1774.410596	.82323
1775.374950	.82282
1776.339304	.82334
1777.303657	.82336
1778.268011	.82397
1779.232364	.82549
1780.196718	.8266
1781.161071	.82523
1782.125425	.8224
1783.089779	.82113
1784.054132	.82187
1785.018486	.82185
1785.982839	.81998
1786.947193	.8189
1787.911547	.8197
1788.875900	.82188
1789.840254	.82583
1790.804607	.83147
1791.768961	.83683
1792.733315	.83716
1793.697668	.83182
1794.662022	.82724
1795.626375	.82543
1796.590729	.82381
1797.555082	.82242
1798.519436	.82299
1799.483790	.82438
1800.448143	.82467
1801.412497	.82465
1802.376850	.8247
1803.341204	.8244
1804.305558	.8246
1805.269911	.82548
1806.234265	.82642
1807.198618	.82699
1808.162972	.82684
1809.127325	.82675
1810.091679	.827
1811.056033	.82603
1812.020386	.82378
1812.984740	.82192
1813.949093	.82112
1814.913447	.82131
1815.877801	.82233
1816.842154	.82367
1817.806508	.82483
1818.770861	.82579
1819.735215	.82669
1820.699568	.82736
1821.663922	.8276
1822.628276	.82764
1823.592629	.82867
1824.556983	.83032
1825.521336	.82922
1826.485690	.82553
1827.450044	.82403
1828.414397	.82682
1829.378751	.831
1830.343104	.83144
1831.307458	.82867
1832.271812	.82727
1833.236165	.8278
1834.200519	.82848
1835.164872	.82886
1836.129226	.82914
1837.093579	.82874
1838.057933	.82735
1839.022287	.82576
1839.986640	.82474
1840.950994	.8246
1841.915347	.82616
1842.879701	.83097
1843.844055	.83646
1844.808408	.83577
1845.772762	.83139
1846.737115	.83008
1847.701469	.8309
1848.665822	.83103
1849.630176	.83056
1850.594530	.83002
1851.558883	.8291
1852.523237	.82783
1853.487590	.82677
1854.451944	.82602
1855.416298	.82532
1856.380651	.82495
1857.345005	.8254
1858.309358	.82641
1859.273712	.82756
1860.238065	.82878
1861.202419	.82998
1862.166773	.83094
1863.131126	.83138
1864.095480	.83141
1865.059833	.83158
1866.024187	.83217
1866.988541	.83326
1867.952894	.83483
1868.917248	.83523
1869.881601	.83249
1870.845955	.82883
1871.810309	.82734
1872.774662	.82784
1873.739016	.82901
1874.703369	.83015
1875.667723	.83108
1876.632076	.83191
1877.596430	.83253
1878.560784	.83266
1879.525137	.83217
1880.489491	.83112
1881.453844	.82982
1882.418198	.82876
1883.382552	.82823
1884.346905	.82811
1885.311259	.82824
1886.275612	.8288
1887.239966	.83022
1888.204319	.83281
1889.168673	.83535
1890.133027	.8357
1891.097380	.8345
1892.061734	.83382
1893.026087	.83379
1893.990441	.83381
1894.954795	.83327
1895.919148	.83184
1896.883502	.83027
1897.847855	.82931
1898.812209	.82892
1899.776562	.82899
1900.740916	.82965
1901.705270	.8308
1902.669623	.83204
1903.633977	.83311
1904.598330	.83395
1905.562684	.83451
1906.527038	.83482
1907.491391	.83486
1908.455745	.83461
1909.420098	.83397
1910.384452	.83268
1911.348806	.83098
1912.313159	.82986
1913.277513	.82975
1914.241866	.83025
1915.206220	.83111
1916.170573	.83326
1917.134927	.83699
1918.099281	.83921
1919.063634	.83801
1920.027988	.83632
1920.992341	.83622
1921.956695	.83696
1922.921049	.83678
1923.885402	.83493
1924.849756	.83286
1925.814109	.83176
1926.778463	.83125
1927.742816	.83106
1928.707170	.83135
1929.671524	.83201
1930.635877	.83284
1931.600231	.83391
1932.564584	.8351
1933.528938	.83599
1934.493292	.83631
1935.457645	.83617
1936.421999	.83567
1937.386352	.8348
1938.350706	.83378
1939.315060	.833
1940.279413	.83291
1941.243767	.83402
1942.208120	.83532
1943.172474	.83506
1944.136827	.83422
1945.101181	.83458
1946.065535	.83558
1947.029888	.83627
1947.994242	.8366
1948.958595	.83665
1949.922949	.83645
1950.887303	.83606
1951.851656	.83551
1952.816010	.8348
1953.780363	.83401
1954.744717	.83337
1955.709070	.83304
1956.673424	.83294
1957.637778	.83321
1958.602131	.83392
1959.566485	.83486
1960.530838	.83586
1961.495192	.83672
1962.459546	.83714
1963.423899	.83715
1964.388253	.83696
1965.352606	.83678
1966.316960	.83672
1967.281313	.83628
1968.245667	.8351
1969.210021	.83401
1970.174374	.83373
1971.138728	.83395
1972.103081	.83433
1973.067435	.83492
1974.031789	.83569
1974.996142	.83649
1975.960496	.83712
1976.924849	.83744
1977.889203	.83751
1978.853557	.83723
1979.817910	.83661
1980.782264	.83603
1981.746617	.8356
1982.710971	.83515
1983.675324	.83467
1984.639678	.83433
1985.604032	.83434
1986.568385	.83482
1987.532739	.83565
1988.497092	.83647
1989.461446	.83716
1990.425800	.83813
1991.390153	.83928
1992.354507	.8395
1993.318860	.83855
1994.283214	.83738
1995.247567	.83654
1996.211921	.83595
1997.176275	.83547
1998.140628	.83508
1999.104982	.83485
2000.069335	.83485
2001.033689	.83515
2001.998043	.83577
2002.962396	.83659
2003.926750	.83736
2004.891103	.83786
2005.855457	.83802
2006.819810	.83793
2007.784164	.83765
2008.748518	.83722
2009.712871	.83673
2010.677225	.83614
2011.641578	.83556
2012.605932	.83524
2013.570286	.83523
2014.534639	.83553
2015.498993	.83619
2016.463346	.83693
2017.427700	.8374
2018.392054	.8377
2019.356407	.83789
2020.320761	.83793
2021.285114	.83801
2022.249468	.83804
2023.213821	.83769
2024.178175	.83701
2025.142529	.83645
2026.106882	.83611
2027.071236	.83571
2028.035589	.83528
2028.999943	.83518
2029.964297	.83553
2030.928650	.83619
2031.893004	.83689
2032.857357	.83745
2033.821711	.83778
2034.786064	.83794
2035.750418	.83791
2036.714772	.83763
2037.679125	.83722
2038.643479	.83689
2039.607832	.83669
2040.572186	.83648
2041.536540	.83624
2042.500893	.83604
2043.465247	.83595
2044.429600	.83607
2045.393954	.83643
2046.358308	.83695
2047.322661	.83756
2048.287015	.83801
2049.251368	.83806
2050.215722	.83787
2051.180075	.83773
2052.144429	.83764
2053.108783	.83732
2054.073136	.8367
2055.037490	.83613
2056.001843	.83592
2056.966197	.836
2057.930551	.83604
2058.894904	.83607
2059.859258	.83635
2060.823611	.83687
2061.787965	.83738
2062.752318	.83776
2063.716672	.83817
2064.681026	.83848
2065.645379	.83836
2066.609733	.83797
2067.574086	.8376
2068.538440	.83717
2069.502794	.83673
2070.467147	.83638
2071.431501	.83621
2072.395854	.83628
2073.360208	.83647
2074.324561	.8367
2075.288915	.83705
2076.253269	.83746
2077.217622	.83775
2078.181976	.83804
2079.146329	.83842
2080.110683	.83852
2081.075037	.83819
2082.039390	.83775
2083.003744	.8374
2083.968097	.83716
2084.932451	.83691
2085.896805	.8366
2086.861158	.83634
2087.825512	.83639
2088.789865	.83679
2089.754219	.83723
2090.718572	.83751
2091.682926	.83769
2092.647280	.83783
2093.611633	.83796
2094.575987	.83817
2095.540340	.83829
2096.504694	.83812
2097.469048	.83776
2098.433401	.83736
2099.397755	.83694
2100.362108	.83663
2101.326462	.83659
2102.290815	.8368
2103.255169	.83698
2104.219523	.83714
2105.183876	.83745
2106.148230	.83783
2107.112583	.83811
2108.076937	.83825
2109.041291	.83832
2110.005644	.83834
2110.969998	.83831
2111.934351	.8382
2112.898705	.83798
2113.863058	.83766
2114.827412	.83728
2115.791766	.83694
2116.756119	.83694
2117.720473	.83726
2118.684826	.83757
2119.649180	.83771
2120.613534	.8378
2121.577887	.83798
2122.542241	.83824
2123.506594	.83838
2124.470948	.83836
2125.435302	.83823
2126.399655	.838
2127.364009	.8378
2128.328362	.83774
2129.292716	.8377
2130.257069	.83763
2131.221423	.83763
2132.185777	.83772
2133.150130	.83781
2134.114484	.83792
2135.078837	.83814
2136.043191	.8384
2137.007545	.83849
2137.971898	.83849
2138.936252	.83854
2139.900605	.83862
2140.864959	.83856
2141.829312	.83829
2142.793666	.83798
2143.758020	.8378
2144.722373	.83771
2145.686727	.83775
2146.651080	.83796
2147.615434	.83817
2148.579788	.8382
2149.544141	.83827
2150.508495	.83853
2151.472848	.83876
2152.437202	.83882
2153.401556	.83887
2154.365909	.83888
2155.330263	.83869
2156.294616	.83844
2157.258970	.83828
2158.223323	.83818
2159.187677	.8381
2160.152031	.83806
2161.116384	.8381
2162.080738	.83821
2163.045091	.83831
2164.009445	.83835
2164.973799	.83845
2165.938152	.83865
2166.902506	.83878
2167.866859	.83882
2168.831213	.83889
2169.795566	.83906
2170.759920	.83919
2171.724274	.83905
2172.688627	.83869
2173.652981	.8384
2174.617334	.83833
2175.581688	.83831
2176.546042	.83825
2177.510395	.83831
2178.474749	.83856
2179.439102	.83875
2180.403456	.83881
2181.367809	.8388
2182.332163	.83874
2183.296517	.83879
2184.260870	.839
2185.225224	.83913
2186.189577	.83906
2187.153931	.83888
2188.118285	.8386
2189.082638	.83835
2190.046992	.83827
2191.011345	.83831
2191.975699	.83839
2192.940053	.83863
2193.904406	.83889
2194.868760	.83889
2195.833113	.83876
2196.797467	.83875
2197.761820	.83886
2198.726174	.839
2199.690528	.83911
2200.654881	.83909
2201.619235	.83884
2202.583588	.83855
2203.547942	.83846
2204.512296	.83845
2205.476649	.83838
2206.441003	.83842
2207.405356	.83854
2208.369710	.8386
2209.334063	.83862
2210.298417	.83877
2211.262771	.83895
2212.227124	.839
2213.191478	.83907
2214.155831	.83925
2215.120185	.83929
2216.084539	.83914
2217.048892	.83908
2218.013246	.83911
2218.977599	.83895
2219.941953	.83861
2220.906306	.83844
2221.870660	.83854
2222.835014	.83866
2223.799367	.83858
2224.763721	.83846
2225.728074	.83856
2226.692428	.83875
2227.656782	.83897
2228.621135	.8392
2229.585489	.83921
2230.549842	.83906
2231.514196	.83895
2232.478550	.83882
2233.442903	.83875
2234.407257	.83874
2235.371610	.83865
2236.335964	.83846
2237.300317	.83838
2238.264671	.83842
2239.229025	.83844
2240.193378	.83837
2241.157732	.83832
2242.122085	.83842
2243.086439	.8386
2244.050793	.83871
2245.015146	.83876
2245.979500	.8388
2246.943853	.83879
2247.908207	.83866
2248.872560	.83838
2249.836914	.83812
2250.801268	.83815
2251.765621	.83823
2252.729975	.83803
2253.694328	.83772
2254.658682	.83763
2255.623036	.83784
2256.587389	.83808
2257.551743	.83813
2258.516096	.83811
2259.480450	.83802
2260.444804	.83787
2261.409157	.83792
2262.373511	.83808
2263.337864	.83792
2264.302218	.83753
2265.266571	.83738
2266.230925	.83747
2267.195279	.83738
2268.159632	.83694
2269.123986	.83669
2270.088339	.83689
2271.052693	.83723
2272.017047	.83752
2272.981400	.83768
2273.945754	.83778
2274.910107	.83791
2275.874461	.83799
2276.838814	.83792
2277.803168	.83787
2278.767522	.83783
2279.731875	.83764
2280.696229	.83747
2281.660582	.83739
2282.624936	.83723
2283.589290	.837
2284.553643	.83692
2285.517997	.83702
2286.482350	.8371
2287.446704	.83709
2288.411057	.83703
2289.375411	.83704
2290.339765	.8369
2291.304118	.83644
2292.268472	.83586
2293.232825	.83531
2294.197179	.8349
2295.161533	.83451
2296.125886	.83403
2297.090240	.83349
2298.054593	.83289
2299.018947	.83243
2299.983301	.83225
2300.947654	.83227
2301.912008	.83214
2302.876361	.83189
2303.840715	.83176
2304.805068	.83149
2305.769422	.83088
2306.733776	.82999
2307.698129	.82888
2308.662483	.82777
2309.626836	.8268
2310.591190	.82587
2311.555544	.82503
2312.519897	.82449
2313.484251	.82403
2314.448604	.82375
2315.412958	.82372
2316.377311	.82349
2317.341665	.82294
2318.306019	.82222
2319.270372	.82139
2320.234726	.82013
2321.199079	.81854
2322.163433	.8171
2323.127787	.81589
2324.092140	.81517
2325.056494	.81492
2326.020847	.81456
2326.985201	.81385
2327.949554	.813
2328.913908	.81202
2329.878262	.81111
2330.842615	.81058
2331.806969	.81043
2332.771322	.8109
2333.735676	.81193
2334.700030	.81283
2335.664383	.81258
2336.628737	.81134
2337.593090	.81054
2338.557444	.80998
2339.521798	.80874
2340.486151	.80741
2341.450505	.80694
2342.414858	.80691
2343.379212	.80663
2344.343565	.80662
2345.307919	.8076
2346.272273	.80969
2347.236626	.8131
2348.200980	.81726
2349.165333	.81974
2350.129687	.819
2351.094041	.81625
2352.058394	.81317
2353.022748	.81007
2353.987101	.80701
2354.951455	.80433
2355.915808	.80214
2356.880162	.80021
2357.844516	.7989
2358.808869	.79809
2359.773223	.79729
2360.737576	.79705
2361.701930	.79778
2362.666284	.79896
2363.630637	.79991
2364.594991	.80076
2365.559344	.80223
2366.523698	.80423
2367.488052	.806
2368.452405	.80725
2369.416759	.80835
2370.381112	.80996
2371.345466	.81193
2372.309819	.81361
2373.274173	.81538
2374.238527	.81757
2375.202880	.81975
2376.167234	.8217
2377.131587	.82356
2378.095941	.82548
2379.060295	.82735
2380.024648	.82905
2380.989002	.8306
2381.953355	.83195
2382.917709	.83316
2383.882062	.83425
2384.846416	.83506
2385.810770	.83557
2386.775123	.83599
2387.739477	.83636
2388.703830	.83661
2389.668184	.83689
2390.632538	.83734
2391.596891	.8378
2392.561245	.83818
2393.525598	.83851
2394.489952	.83871
2395.454305	.83867
2396.418659	.83842
2397.383013	.83821
2398.347366	.83807
2399.311720	.83772
2400.276073	.83716
2401.240427	.83662
2402.204781	.83624
2403.169134	.83611
2404.133488	.83623
2405.097841	.8366
2406.062195	.8373
2407.026549	.8381
2407.990902	.83853
2408.955256	.83852
2409.919609	.83839
2410.883963	.83833
2411.848316	.83815
2412.812670	.8378
2413.777024	.83743
2414.741377	.83704
2415.705731	.83663
2416.670084	.83633
2417.634438	.8361
2418.598792	.83595
2419.563145	.83617
2420.527499	.83679
2421.491852	.83734
2422.456206	.83761
2423.420559	.83778
2424.384913	.83794
2425.349267	.83799
2426.313620	.83794
2427.277974	.83778
2428.242327	.83737
2429.206681	.8367
2430.171035	.83619
2431.135388	.83605
2432.099742	.83593
2433.064095	.83565
2434.028449	.83556
2434.992802	.83589
2435.957156	.83645
2436.921510	.83707
2437.885863	.83769
2438.850217	.83806
2439.814570	.83804
2440.778924	.83783
2441.743278	.83757
2442.707631	.8373
2443.671985	.83698
2444.636338	.83653
2445.600692	.83595
2446.565046	.83542
2447.529399	.83515
2448.493753	.83524
2449.458106	.83556
2450.422460	.83589
2451.386813	.83637
2452.351167	.83704
2453.315521	.83757
2454.279874	.83784
2455.244228	.83802
2456.208581	.83799
2457.172935	.83751
2458.137289	.83687
2459.101642	.8364
2460.065996	.83592
2461.030349	.83533
2461.994703	.83489
2462.959056	.83478
2463.923410	.83493
2464.887764	.83529
2465.852117	.83581
2466.816471	.8363
2467.780824	.83666
2468.745178	.83702
2469.709532	.83738
2470.673885	.83752
2471.638239	.83739
2472.602592	.83705
2473.566946	.8365
2474.531300	.83581
2475.495653	.83514
2476.460007	.83471
2477.424360	.83467
2478.388714	.83483
2479.353067	.83503
2480.317421	.83536
2481.281775	.83591
2482.246128	.83666
2483.210482	.83749
2484.174835	.83796
2485.139189	.83781
2486.103543	.83738
2487.067896	.83692
2488.032250	.83625
2488.996603	.83549
2489.960957	.83501
2490.925310	.83476
2491.889664	.83455
2492.854018	.83445
2493.818371	.83445
2494.782725	.83456
2495.747078	.83507
2496.711432	.836
2497.675786	.83687
2498.640139	.83728
2499.604493	.83733
2500.568846	.83727
2501.533200	.83704
2502.497553	.83652
2503.461907	.83591
2504.426261	.83543
2505.390614	.83496
2506.354968	.83445
2507.319321	.83409
2508.283675	.83397
2509.248029	.83415
2510.212382	.83461
2511.176736	.8353
2512.141089	.8361
2513.105443	.83673
2514.069797	.83701
2515.034150	.83708
2515.998504	.83705
2516.962857	.83685
2517.927211	.83634
2518.891564	.83556
2519.855918	.83478
2520.820272	.83408
2521.784625	.83353
2522.748979	.83332
2523.713332	.83362
2524.677686	.83432
2525.642040	.83507
2526.606393	.83579
2527.570747	.83647
2528.535100	.83689
2529.499454	.83699
2530.463807	.83698
2531.428161	.83681
2532.392515	.83637
2533.356868	.83574
2534.321222	.83503
2535.285575	.8342
2536.249929	.83359
2537.214283	.83344
2538.178636	.83346
2539.142990	.83363
2540.107343	.83418
2541.071697	.83488
2542.036050	.83557
2543.000404	.83622
2543.964758	.83665
2544.929111	.83677
2545.893465	.83672
2546.857818	.83643
2547.822172	.83567
2548.786526	.83463
2549.750879	.83377
2550.715233	.83325
2551.679586	.8329
2552.643940	.83279
2553.608294	.83314
2554.572647	.83377
2555.537001	.83446
2556.501354	.83519
2557.465708	.83583
2558.430061	.83632
2559.394415	.83661
2560.358769	.83667
2561.323122	.83646
2562.287476	.83593
2563.251829	.83511
2564.216183	.83419
2565.180537	.83347
2566.144890	.83301
2567.109244	.83275
2568.073597	.83275
2569.037951	.8331
2570.002304	.83379
2570.966658	.83456
2571.931012	.83515
2572.895365	.83574
2573.859719	.83639
2574.824072	.83668
2575.788426	.83634
2576.752780	.83558
2577.717133	.8347
2578.681487	.83388
2579.645840	.83326
2580.610194	.83276
2581.574547	.83229
2582.538901	.83208
2583.503255	.83227
2584.467608	.83277
2585.431962	.83353
2586.396315	.83434
2587.360669	.83497
2588.325023	.83561
2589.289376	.83628
2590.253730	.8364
2591.218083	.83579
2592.182437	.83499
2593.146791	.83436
2594.111144	.83378
2595.075498	.83317
2596.039851	.83256
2597.004205	.83214
2597.968558	.83202
2598.932912	.83227
2599.897266	.83291
2600.861619	.83367
2601.825973	.83441
2602.790326	.83521
2603.754680	.83581
2604.719034	.8359
2605.683387	.8357
2606.647741	.83537
2607.612094	.83473
2608.576448	.83384
2609.540801	.83299
2610.505155	.83239
2611.469509	.83197
2612.433862	.83174
2613.398216	.83178
2614.362569	.83212
2615.326923	.83272
2616.291277	.83347
2617.255630	.83433
2618.219984	.83517
2619.184337	.83565
2620.148691	.83564
2621.113045	.83533
2622.077398	.8348
2623.041752	.834
2624.006105	.83309
2624.970459	.83224
2625.934812	.83162
2626.899166	.83134
2627.863520	.83136
2628.827873	.83151
2629.792227	.83182
2630.756580	.83255
2631.720934	.83359
2632.685288	.83447
2633.649641	.83497
2634.613995	.83512
2635.578348	.83497
2636.542702	.83454
2637.507055	.83388
2638.471409	.83318
2639.435763	.83247
2640.400116	.83178
2641.364470	.83121
2642.328823	.83076
2643.293177	.83069
2644.257531	.83119
2645.221884	.83199
2646.186238	.83286
2647.150591	.83376
2648.114945	.8345
2649.079298	.83482
2650.043652	.8348
2651.008006	.83457
2651.972359	.83407
2652.936713	.83336
2653.901066	.83249
2654.865420	.83157
2655.829774	.83093
2656.794127	.8306
2657.758481	.83032
2658.722834	.83022
2659.687188	.83077
2660.651542	.83177
2661.615895	.83269
2662.580249	.83343
2663.544602	.83391
2664.508956	.83409
2665.473309	.83419
2666.437663	.83417
2667.402017	.83371
2668.366370	.83293
2669.330724	.83218
2670.295077	.83139
2671.259431	.83066
2672.223785	.83027
2673.188138	.83026
2674.152492	.83061
2675.116845	.83115
2676.081199	.83176
2677.045552	.83244
2678.009906	.83328
2678.974260	.83416
2679.938613	.83472
2680.902967	.83463
2681.867320	.834
2682.831674	.8331
2683.796028	.83212
2684.760381	.83134
2685.724735	.83078
2686.689088	.83026
2687.653442	.82986
2688.617795	.82989
2689.582149	.83046
2690.546503	.8312
2691.510856	.83185
2692.475210	.83244
2693.439563	.83298
2694.403917	.83344
2695.368271	.83368
2696.332624	.83356
2697.296978	.83317
2698.261331	.83259
2699.225685	.83198
2700.190039	.83139
2701.154392	.8307
2702.118746	.82999
2703.083099	.8296
2704.047453	.82978
2705.011806	.83029
2705.976160	.83081
2706.940514	.83154
2707.904867	.83243
2708.869221	.83318
2709.833574	.83368
2710.797928	.83378
2711.762282	.8335
2712.726635	.83307
2713.690989	.83247
2714.655342	.83165
2715.619696	.83083
2716.584049	.83016
2717.548403	.82964
2718.512757	.82937
2719.477110	.82956
2720.441464	.83022
2721.405817	.83105
2722.370171	.83181
2723.334525	.83251
2724.298878	.83325
2725.263232	.83379
2726.227585	.83375
2727.191939	.83314
2728.156293	.83237
2729.120646	.83167
2730.085000	.83094
2731.049353	.83016
2732.013707	.82956
2732.978060	.82926
2733.942414	.82917
2734.906768	.82949
2735.871121	.83022
2736.835475	.83105
2737.799828	.83189
2738.764182	.83272
2739.728536	.8333
2740.692889	.83354
2741.657243	.83344
2742.621596	.83304
2743.585950	.8324
2744.550303	.83147
2745.514657	.83038
2746.479011	.8295
2747.443364	.82895
2748.407718	.82868
2749.372071	.82883
2750.336425	.82943
2751.300779	.83033
2752.265132	.83129
2753.229486	.83218
2754.193839	.83288
2755.158193	.83332
2756.122546	.83347
2757.086900	.83328
2758.051254	.83273
2759.015607	.83189
2759.979961	.83096
2760.944314	.83016
2761.908668	.82953
2762.873022	.82888
2763.837375	.82835
2764.801729	.82853
2765.766082	.82938
2766.730436	.83022
2767.694790	.83095
2768.659143	.83184
2769.623497	.83272
2770.587850	.83333
2771.552204	.83361
2772.516557	.83331
2773.480911	.83238
2774.445265	.83129
2775.409618	.8303
2776.373972	.82931
2777.338325	.82854
2778.302679	.82824
2779.267033	.82838
2780.231386	.829
2781.195740	.82985
2782.160093	.83056
2783.124447	.83138
2784.088800	.83245
2785.053154	.83321
2786.017508	.83335
2786.981861	.83303
2787.946215	.83249
2788.910568	.83184
2789.874922	.83114
2790.839276	.83047
2791.803629	.82962
2792.767983	.82867
2793.732336	.8282
2794.696690	.82824
2795.661043	.82849
2796.625397	.82898
2797.589751	.82985
2798.554104	.83098
2799.518458	.83211
2800.482811	.83288
2801.447165	.83301
2802.411519	.83269
2803.375872	.83231
2804.340226	.83175
2805.304579	.83076
2806.268933	.82956
2807.233287	.82846
2808.197640	.82784
2809.161994	.82791
2810.126347	.82831
2811.090701	.82875
2812.055054	.82938
2813.019408	.83018
2813.983762	.83099
2814.948115	.83184
2815.912469	.8325
2816.876822	.83264
2817.841176	.83242
2818.805530	.83206
2819.769883	.83118
2820.734237	.82978
2821.698590	.82853
2822.662944	.8277
2823.627297	.82729
2824.591651	.82729
2825.556005	.82764
2826.520358	.8283
2827.484712	.82922
2828.449065	.83024
2829.413419	.83111
2830.377773	.8318
2831.342126	.83224
2832.306480	.83223
2833.270833	.83173
2834.235187	.83081
2835.199541	.82958
2836.163894	.82835
2837.128248	.82733
2838.092601	.82652
2839.056955	.82601
2840.021308	.82597
2840.985662	.82641
2841.950016	.82727
2842.914369	.8281
2843.878723	.82859
2844.843076	.82903
2845.807430	.8294
2846.771784	.82919
2847.736137	.82836
2848.700491	.82736
2849.664844	.82647
2850.629198	.82569
2851.593551	.82483
2852.557905	.82391
2853.522259	.82349
2854.486612	.82385
2855.450966	.82454
2856.415319	.8253
2857.379673	.82639
2858.344027	.82774
2859.308380	.82897
2860.272734	.82984
2861.237087	.83033
2862.201441	.83061
2863.165794	.83074
2864.130148	.8304
2865.094502	.82952
2866.058855	.82821
2867.023209	.82688
2867.987562	.82595
2868.951916	.82549
2869.916270	.82556
2870.880623	.82607
2871.844977	.82679
2872.809330	.8276
2873.773684	.82854
2874.738038	.82958
2875.702391	.8306
2876.666745	.83134
2877.631098	.83132
2878.595452	.83059
2879.559805	.82963
2880.524159	.82871
2881.488513	.82785
2882.452866	.82692
2883.417220	.82601
2884.381573	.82541
2885.345927	.82526
2886.310281	.8256
2887.274634	.82634
2888.238988	.82729
2889.203341	.82832
2890.167695	.82927
2891.132048	.83001
2892.096402	.83041
2893.060756	.83029
2894.025109	.82963
2894.989463	.82865
2895.953816	.82755
2896.918170	.82648
2897.882524	.82553
2898.846877	.82466
2899.811231	.8241
2900.775584	.8242
2901.739938	.82471
2902.704291	.82541
2903.668645	.82642
2904.632999	.82748
2905.597352	.82814
2906.561706	.82839
2907.526059	.82828
2908.490413	.82781
2909.454767	.82708
2910.419120	.82612
2911.383474	.82489
2912.347827	.82349
2913.312181	.82222
2914.276535	.82127
2915.240888	.82068
2916.205242	.82062
2917.169595	.82112
2918.133949	.82193
2919.098302	.82284
2920.062656	.82375
2921.027010	.82467
2921.991363	.82553
2922.955717	.82593
2923.920070	.82573
2924.884424	.82522
2925.848778	.82456
2926.813131	.82377
2927.777485	.82308
2928.741838	.82255
2929.706192	.82232
2930.670545	.82262
2931.634899	.82326
2932.599253	.82421
2933.563606	.82549
2934.527960	.82675
2935.492313	.82782
2936.456667	.82862
2937.421021	.82901
2938.385374	.82909
2939.349728	.82898
2940.314081	.82865
2941.278435	.82796
2942.242789	.82686
2943.207142	.82568
2944.171496	.82496
2945.135849	.82489
2946.100203	.82516
2947.064556	.82548
2948.028910	.826
2948.993264	.82696
2949.957617	.82814
2950.921971	.82916
2951.886324	.82987
2952.850678	.83017
2953.815032	.83
2954.779385	.82944
2955.743739	.82859
2956.708092	.82757
2957.672446	.8265
2958.636799	.82555
2959.601153	.82495
2960.565507	.8248
2961.529860	.82494
2962.494214	.82548
2963.458567	.82652
2964.422921	.82751
2965.387275	.8281
2966.351628	.82881
2967.315982	.82979
2968.280335	.83056
2969.244689	.83071
2970.209042	.83017
2971.173396	.82927
2972.137750	.82831
2973.102103	.82742
2974.066457	.8267
2975.030810	.82615
2975.995164	.82578
2976.959518	.82579
2977.923871	.82639
2978.888225	.82746
2979.852578	.82862
2980.816932	.82955
2981.781286	.8303
2982.745639	.83097
2983.709993	.83127
2984.674346	.83099
2985.638700	.83036
2986.603053	.82948
2987.567407	.82839
2988.531761	.82739
2989.496114	.8267
2990.460468	.82625
2991.424821	.82594
2992.389175	.82607
2993.353529	.82683
2994.317882	.82774
2995.282236	.82849
2996.246589	.8292
2997.210943	.82997
2998.175296	.83079
2999.139650	.8312
3000.104004	.83089
3001.068357	.83021
3002.032711	.82928
3002.997064	.82816
3003.961418	.82735
3004.925772	.82688
3005.890125	.82637
3006.854479	.82591
3007.818832	.82596
3008.783186	.82673
3009.747539	.82787
3010.711893	.82888
3011.676247	.82965
3012.640600	.83022
3013.604954	.83061
3014.569307	.83095
3015.533661	.83098
3016.498015	.83026
3017.462368	.82905
3018.426722	.82788
3019.391075	.82685
3020.355429	.82592
3021.319783	.82543
3022.284136	.82561
3023.248490	.8262
3024.212843	.827
3025.177197	.82806
3026.141550	.82926
3027.105904	.83035
3028.070258	.83106
3029.034611	.83139
3029.998965	.83146
3030.963318	.83103
3031.927672	.83012
3032.892026	.82911
3033.856379	.82801
3034.820733	.82674
3035.785086	.82584
3036.749440	.82556
3037.713793	.82564
3038.678147	.826
3039.642501	.82664
3040.606854	.82761
3041.571208	.82877
3042.535561	.82974
3043.499915	.83041
3044.464269	.83077
3045.428622	.83081
3046.392976	.83064
3047.357329	.83005
3048.321683	.82894
3049.286037	.82771
3050.250390	.82668
3051.214744	.82595
3052.179097	.8255
3053.143451	.82551
3054.107804	.82605
3055.072158	.82685
3056.036512	.82773
3057.000865	.82877
3057.965219	.82992
3058.929572	.83078
3059.893926	.83097
3060.858280	.83066
3061.822633	.83013
3062.786987	.82948
3063.751340	.82864
3064.715694	.82757
3065.680047	.8264
3066.644401	.8255
3067.608755	.82513
3068.573108	.82525
3069.537462	.82584
3070.501815	.82679
3071.466169	.82789
3072.430523	.82909
3073.394876	.83027
3074.359230	.83096
3075.323583	.83096
3076.287937	.83055
3077.252290	.82999
3078.216644	.82924
3079.180998	.82818
3080.145351	.82701
3081.109705	.82617
3082.074058	.82572
3083.038412	.82547
3084.002766	.8255
3084.967119	.82599
3085.931473	.82678
3086.895826	.82776
3087.860180	.82889
3088.824534	.82995
3089.788887	.83064
3090.753241	.83077
3091.717594	.83049
3092.681948	.83003
3093.646301	.82925
3094.610655	.82805
3095.575009	.82681
3096.539362	.82582
3097.503716	.82524
3098.468069	.82522
3099.432423	.82563
3100.396777	.82633
3101.361130	.82731
3102.325484	.82837
3103.289837	.82936
3104.254191	.8301
3105.218544	.83046
3106.182898	.83055
3107.147252	.83042
3108.111605	.82984
3109.075959	.8288
3110.040312	.8276
3111.004666	.82652
3111.969020	.82573
3112.933373	.82523
3113.897727	.82501
3114.862080	.82518
3115.826434	.82574
3116.790787	.82667
3117.755141	.82784
3118.719495	.82882
3119.683848	.82947
3120.648202	.83019
3121.612555	.83082
3122.576909	.83067
3123.541263	.82964
3124.505616	.82836
3125.469970	.82735
3126.434323	.82648
3127.398677	.82547
3128.363031	.82456
3129.327384	.82435
3130.291738	.82499
3131.256091	.82598
3132.220445	.82703
3133.184798	.8281
3134.149152	.82918
3135.113506	.83012
3136.077859	.83057
3137.042213	.83047
3138.006566	.8301
3138.970920	.82934
3139.935274	.828
3140.899627	.82649
3141.863981	.82545
3142.828334	.82496
3143.792688	.82474
3144.757041	.82476
3145.721395	.82512
3146.685749	.82586
3147.650102	.82701
3148.614456	.82829
3149.578809	.82934
3150.543163	.82996
3151.507517	.83004
3152.471870	.82985
3153.436224	.82967
3154.400577	.82917
3155.364931	.82804
3156.329284	.82659
3157.293638	.82528
3158.257992	.82434
3159.222345	.82389
3160.186699	.82403
3161.151052	.82458
3162.115406	.82535
3163.079760	.82652
3164.044113	.82799
3165.008467	.82917
3165.972820	.82974
3166.937174	.82989
3167.901528	.82973
3168.865881	.82913
3169.830235	.82809
3170.794588	.82689
3171.758942	.82585
3172.723295	.825
3173.687649	.82419
3174.652003	.82375
3175.616356	.82403
3176.580710	.82487
3177.545063	.82606
3178.509417	.82736
3179.473771	.82832
3180.438124	.82887
3181.402478	.82941
3182.366831	.82981
3183.331185	.82964
3184.295538	.82906
3185.259892	.82832
3186.224246	.82733
3187.188599	.82615
3188.152953	.82515
3189.117306	.82455
3190.081660	.82422
3191.046014	.82417
3192.010367	.82475
3192.974721	.82583
3193.939074	.82698
3194.903428	.8282
3195.867782	.82937
3196.832135	.83009
3197.796489	.83014
3198.760842	.82957
3199.725196	.82862
3200.689549	.82751
3201.653903	.82637
3202.618257	.82539
3203.582610	.82484
3204.546964	.82454
3205.511317	.82432
3206.475671	.82451
3207.440025	.82521
3208.404378	.82622
3209.368732	.82743
3210.333085	.82853
3211.297439	.82941
3212.261792	.8301
3213.226146	.83039
3214.190500	.82994
3215.154853	.82885
3216.119207	.82762
3217.083560	.82647
3218.047914	.82527
3219.012268	.82431
3219.976621	.82386
3220.940975	.8238
3221.905328	.82408
3222.869682	.82477
3223.834035	.82588
3224.798389	.82726
3225.762743	.82859
3226.727096	.82951
3227.691450	.82977
3228.655803	.82967
3229.620157	.82936
3230.584511	.82846
3231.548864	.82709
3232.513218	.82578
3233.477571	.82482
3234.441925	.82419
3235.406279	.82386
3236.370632	.82397
3237.334986	.82432
3238.299339	.82472
3239.263693	.82561
3240.228046	.82705
3241.192400	.82826
3242.156754	.82888
3243.121107	.82915
3244.085461	.82919
3245.049814	.82884
3246.014168	.82793
3246.978522	.82668
3247.942875	.82553
3248.907229	.82465
3249.871582	.82406
3250.835936	.82386
3251.800289	.82405
3252.764643	.8245
3253.728997	.82516
3254.693350	.82609
3255.657704	.82727
3256.622057	.82847
3257.586411	.82925
3258.550765	.82937
3259.515118	.82895
3260.479472	.82826
3261.443825	.8275
3262.408179	.82662
3263.372532	.82558
3264.336886	.82454
3265.301240	.82372
3266.265593	.82343
3267.229947	.8236
3268.194300	.82408
3269.158654	.82486
3270.123008	.82576
3271.087361	.82675
3272.051715	.82781
3273.016068	.82851
3273.980422	.8287
3274.944776	.82863
3275.909129	.82835
3276.873483	.82766
3277.837836	.82656
3278.802190	.82536
3279.766543	.82436
3280.730897	.82374
3281.695251	.82362
3282.659604	.824
3283.623958	.8246
3284.588311	.8252
3285.552665	.82607
3286.517019	.82747
3287.481372	.82881
3288.445726	.82935
3289.410079	.82916
3290.374433	.82859
3291.338786	.8278
3292.303140	.82695
3293.267494	.82616
3294.231847	.8255
3295.196201	.82468
3296.160554	.82371
3297.124908	.82315
3298.089262	.82327
3299.053615	.82397
3300.017969	.82509
3300.982322	.82637
3301.946676	.8276
3302.911030	.82842
3303.875383	.82865
3304.839737	.82868
3305.804090	.82861
3306.768444	.82811
3307.732797	.8272
3308.697151	.82606
3309.661505	.82489
3310.625858	.82401
3311.590212	.82349
3312.554565	.82325
3313.518919	.8235
3314.483273	.82439
3315.447626	.82566
3316.411980	.82686
3317.376333	.82785
3318.340687	.82865
3319.305040	.82922
3320.269394	.82944
3321.233748	.82918
3322.198101	.82842
3323.162455	.82721
3324.126808	.82567
3325.091162	.82445
3326.055516	.82402
3327.019869	.82394
3327.984223	.82374
3328.948576	.82374
3329.912930	.82432
3330.877283	.82534
3331.841637	.82655
3332.805991	.82769
3333.770344	.82859
3334.734698	.82917
3335.699051	.82929
3336.663405	.82887
3337.627759	.82812
3338.592112	.82728
3339.556466	.82629
3340.520819	.82517
3341.485173	.82427
3342.449527	.8237
3343.413880	.8235
3344.378234	.82386
3345.342587	.82464
3346.306941	.8256
3347.271294	.82669
3348.235648	.8277
3349.200002	.82824
3350.164355	.82843
3351.128709	.82865
3352.093062	.82875
3353.057416	.82841
3354.021770	.82774
3354.986123	.8269
3355.950477	.82591
3356.914830	.82493
3357.879184	.82422
3358.843537	.82393
3359.807891	.82404
3360.772245	.82452
3361.736598	.82563
3362.700952	.82716
3363.665305	.82841
3364.629659	.82902
3365.594013	.82921
3366.558366	.82928
3367.522720	.82894
3368.487073	.82776
3369.451427	.82636
3370.415780	.82554
3371.380134	.82516
3372.344488	.8247
3373.308841	.82395
3374.273195	.82338
3375.237548	.82368
3376.201902	.82478
3377.166256	.82606
3378.130609	.82703
3379.094963	.82766
3380.059316	.82842
3381.023670	.82916
3381.988024	.8292
3382.952377	.82876
3383.916731	.82826
3384.881084	.82738
3385.845438	.82594
3386.809791	.82449
3387.774145	.82359
3388.738499	.82317
3389.702852	.82298
3390.667206	.82327
3391.631559	.82432
3392.595913	.82573
3393.560267	.82681
3394.524620	.82755
3395.488974	.82847
3396.453327	.82942
3397.417681	.82955
3398.382034	.82856
3399.346388	.82703
3400.310742	.82576
3401.275095	.82499
3402.239449	.82435
3403.203802	.82376
3404.168156	.82345
3405.132510	.82339
3406.096863	.82368
3407.061217	.82433
3408.025570	.82514
3408.989924	.82617
3409.954278	.82747
3410.918631	.82861
3411.882985	.82915
3412.847338	.82913
3413.811692	.82869
3414.776045	.82777
3415.740399	.82657
3416.704753	.82547
3417.669106	.8247
3418.633460	.82428
3419.597813	.82417
3420.562167	.82439
3421.526521	.82503
3422.490874	.82588
3423.455228	.82652
3424.419581	.82691
3425.383935	.82749
3426.348288	.82844
3427.312642	.82924
3428.276996	.82933
3429.241349	.82869
3430.205703	.82773
3431.170056	.82661
3432.134410	.82521
3433.098764	.82373
3434.063117	.82272
3435.027471	.82259
3435.991824	.82316
3436.956178	.82396
3437.920531	.82491
3438.884885	.82593
3439.849239	.82696
3440.813592	.82815
3441.777946	.8293
3442.742299	.82982
3443.706653	.82963
3444.671007	.82914
3445.635360	.82875
3446.599714	.82815
3447.564067	.82667
3448.528421	.82482
3449.492775	.82372
3450.457128	.82354
3451.421482	.82383
3452.385835	.82441
3453.350189	.82529
3454.314542	.82637
3455.278896	.82736
3456.243250	.82809
3457.207603	.82881
3458.171957	.82941
3459.136310	.82943
3460.100664	.82896
3461.065018	.82848
3462.029371	.82778
3462.993725	.82646
3463.958078	.82497
3464.922432	.82398
3465.886785	.82348
3466.851139	.82339
3467.815493	.82362
3468.779846	.82435
3469.744200	.82577
3470.708553	.82731
3471.672907	.82844
3472.637261	.82923
3473.601614	.82957
3474.565968	.82943
3475.530321	.82908
3476.494675	.82857
3477.459028	.82749
3478.423382	.82592
3479.387736	.82479
3480.352089	.82458
3481.316443	.82482
3482.280796	.82496
3483.245150	.82509
3484.209504	.82558
3485.173857	.82656
3486.138211	.82798
3487.102564	.82952
3488.066918	.83044
3489.031272	.83053
3489.995625	.83017
3490.959979	.82946
3491.924332	.8284
3492.888686	.82701
3493.853039	.82564
3494.817393	.82489
3495.781747	.82475
3496.746100	.8247
3497.710454	.82473
3498.674807	.82523
3499.639161	.82607
3500.603515	.82714
3501.567868	.82872
3502.532222	.83045
3503.496575	.8313
3504.460929	.83089
3505.425282	.82986
3506.389636	.82889
3507.353990	.82832
3508.318343	.8281
3509.282697	.82751
3510.247050	.82615
3511.211404	.82495
3512.175758	.82447
3513.140111	.82434
3514.104465	.8246
3515.068818	.82548
3516.033172	.82675
3516.997526	.82814
3517.961879	.82939
3518.926233	.83012
3519.890586	.83034
3520.854940	.83037
3521.819293	.82999
3522.783647	.82918
3523.748001	.82826
3524.712354	.82741
3525.676708	.8268
3526.641061	.82656
3527.605415	.82666
3528.569769	.82679
3529.534122	.82675
3530.498476	.82688
3531.462829	.82745
3532.427183	.82825
3533.391536	.82915
3534.355890	.83011
3535.320244	.83077
3536.284597	.83061
3537.248951	.82952
3538.213304	.82809
3539.177658	.82681
3540.142012	.82567
3541.106365	.82481
3542.070719	.82472
3543.035072	.82546
3543.999426	.82653
3544.963779	.8278
3545.928133	.82938
3546.892487	.83047
3547.856840	.83045
3548.821194	.83012
3549.785547	.83038
3550.749901	.83125
3551.714255	.83187
3552.678608	.83112
3553.642962	.82937
3554.607315	.82782
3555.571669	.82665
3556.536023	.82553
3557.500376	.82474
3558.464730	.82497
3559.429083	.82603
3560.393437	.827
3561.357790	.8279
3562.322144	.82922
3563.286498	.83083
3564.250851	.83303
3565.215205	.83638
3566.179558	.83964
3567.143912	.84046
3568.108266	.83754
3569.072619	.83249
3570.036973	.82868
3571.001326	.8269
3571.965680	.82585
3572.930033	.82515
3573.894387	.82502
3574.858741	.82543
3575.823094	.8262
3576.787448	.827
3577.751801	.82782
3578.716155	.82909
3579.680509	.8305
3580.644862	.83114
3581.609216	.83106
3582.573569	.83068
3583.537923	.82986
3584.502276	.82971
3585.466630	.83181
3586.430984	.83474
3587.395337	.83566
3588.359691	.83364
3589.324044	.82959
3590.288398	.82642
3591.252752	.82605
3592.217105	.82763
3593.181459	.82972
3594.145812	.8317
3595.110166	.83289
3596.074520	.83258
3597.038873	.83141
3598.003227	.83065
3598.967580	.83036
3599.931934	.83001
3600.896287	.82885
3601.860641	.82678
3602.824995	.82504
3603.789348	.82432
3604.753702	.82494
3605.718055	.8275
3606.682409	.83127
3607.646763	.83496
3608.611116	.83738
3609.575470	.83671
3610.539823	.83522
3611.504177	.83679
3612.468530	.83915
3613.432884	.83836
3614.397238	.83554
3615.361591	.83334
3616.325945	.83305
3617.290298	.83452
3618.254652	.83617
3619.219006	.83603
3620.183359	.83281
3621.147713	.82837
3622.112066	.8259
3623.076420	.82591
3624.040774	.8274
3625.005127	.82977
3625.969481	.8333
3626.933834	.83976
3627.898188	.84895
3628.862541	.85278
3629.826895	.84467
3630.791249	.8342
3631.755602	.82964
3632.719956	.82922
3633.684309	.82864
3634.648663	.82654
3635.613017	.82491
3636.577370	.82504
3637.541724	.82608
3638.506077	.82707
3639.470431	.82804
3640.434784	.82924
3641.399138	.83054
3642.363492	.83143
3643.327845	.83174
3644.292199	.83243
3645.256552	.83524
3646.220906	.84037
3647.185260	.84532
3648.149613	.84819
3649.113967	.84895
3650.078320	.84666
3651.042674	.84069
3652.007027	.83345
3652.971381	.82898
3653.935735	.82961
3654.900088	.83444
3655.864442	.83867
3656.828795	.83742
3657.793149	.83336
3658.757503	.8311
3659.721856	.83053
3660.686210	.83013
3661.650563	.82944
3662.614917	.82849
3663.579271	.82737
3664.543624	.8266
3665.507978	.82653
3666.472331	.82798
3667.436685	.83227
3668.401038	.83889
3669.365392	.84504
3670.329746	.84646
3671.294099	.84127
3672.258453	.83682
3673.222806	.84055
3674.187160	.85119
3675.151514	.85851
3676.115867	.85188
3677.080221	.83983
3678.044574	.83385
3679.008928	.83224
3679.973281	.83001
3680.937635	.82689
3681.901989	.82518
3682.866342	.82527
3683.830696	.82619
3684.795049	.82751
3685.759403	.83051
3686.723757	.83716
3687.688110	.84502
3688.652464	.8466
3689.616817	.84296
3690.581171	.84089
3691.545524	.83804
3692.509878	.83264
3693.474232	.8284
3694.438585	.8265
3695.402939	.82563
3696.367292	.82487
3697.331646	.82417
3698.296000	.82439
3699.260353	.82639
3700.224707	.83017
3701.189060	.83361
3702.153414	.83353
3703.117768	.83099
3704.082121	.82958
3705.046475	.82953
3706.010828	.82965
3706.975182	.83059
3707.939535	.83351
3708.903889	.83676
3709.868243	.83843
3710.832596	.84038
3711.796950	.84132
3712.761303	.83668
3713.725657	.83055
3714.690011	.82811
3715.654364	.82819
3716.618718	.8291
3717.583071	.83082
3718.547425	.83239
3719.511778	.83267
3720.476132	.83321
3721.440486	.83503
3722.404839	.83527
3723.369193	.83293
3724.333546	.83134
3725.297900	.83161
3726.262254	.8312
3727.226607	.82836
3728.190961	.82524
3729.155314	.8251
3730.119668	.82925
3731.084022	.83614
3732.048375	.84072
3733.012729	.84156
3733.977082	.84426
3734.941436	.84885
3735.905789	.84912
3736.870143	.84381
3737.834497	.83719
3738.798850	.8325
3739.763204	.8308
3740.727557	.83128
3741.691911	.83371
3742.656265	.84166
3743.620618	.85494
3744.584972	.85861
3745.549325	.84569
3746.513679	.83719
3747.478032	.8404
3748.442386	.84947
3749.406740	.85466
3750.371093	.85396
3751.335447	.85372
3752.299800	.85036
3753.264154	.84103
3754.228508	.83409
3755.192861	.83247
3756.157215	.83256
3757.121568	.83162
3758.085922	.83155
3759.050275	.8334
3760.014629	.83349
3760.978983	.8308
3761.943336	.82895
3762.907690	.82954
3763.872043	.83213
3764.836397	.8354
3765.800751	.83634
3766.765104	.83434
3767.729458	.83374
3768.693811	.83651
3769.658165	.83802
3770.622519	.83419
3771.586872	.82883
3772.551226	.82604
3773.515579	.82537
3774.479933	.82544
3775.444286	.82564
3776.408640	.82639
3777.372994	.8287
3778.337347	.83233
3779.301701	.83454
3780.266054	.83326
3781.230408	.83094
3782.194762	.83035
3783.159115	.83115
3784.123469	.83161
3785.087822	.83051
3786.052176	.82858
3787.016529	.82706
3787.980883	.82601
3788.945237	.82532
3789.909590	.82519
3790.873944	.82551
3791.838297	.82612
3792.802651	.82713
3793.767005	.82887
3794.731358	.83191
3795.695712	.83544
3796.660065	.83639
3797.624419	.83434
3798.588772	.83403
3799.553126	.8389
3800.517480	.84594
3801.481833	.84647
3802.446187	.83848
3803.410540	.83104
3804.374894	.82918
3805.339248	.83326
3806.303601	.839
3807.267955	.83844
3808.232308	.83248
3809.196662	.82883
3810.161016	.82857
3811.125369	.82919
3812.089723	.82971
3813.054076	.83105
3814.018430	.83545
3814.982783	.84238
3815.947137	.84445
3816.911491	.83803
3817.875844	.8328
3818.840198	.83435
3819.804551	.84092
3820.768905	.84604
3821.733259	.84238
3822.697612	.8343
3823.661966	.83017
3824.626319	.83056
3825.590673	.83282
3826.555026	.83414
3827.519380	.83323
3828.483734	.832
3829.448087	.83279
3830.412441	.83538
3831.376794	.83669
3832.341148	.83485
3833.305502	.83361
3834.269855	.83484
3835.234209	.83611
3836.198562	.83849
3837.162916	.84272
3838.127269	.84313
3839.091623	.83962
3840.055977	.83805
3841.020330	.83768
3841.984684	.83695
3842.949037	.83663
3843.913391	.83543
3844.877745	.83252
3845.842098	.8299
3846.806452	.82857
3847.770805	.82817
3848.735159	.82862
3849.699513	.83116
3850.663866	.83753
3851.628220	.8475
3852.592573	.85859
3853.556927	.86365
3854.521280	.85369
3855.485634	.83966
3856.449988	.8341
3857.414341	.83321
3858.378695	.83217
3859.343048	.83179
3860.307402	.83379
3861.271756	.83598
3862.236109	.83564
3863.200463	.83552
3864.164816	.83755
3865.129170	.8368
3866.093523	.83193
3867.057877	.82986
3868.022231	.83426
3868.986584	.84155
3869.950938	.84341
3870.915291	.83809
3871.879645	.83432
3872.843999	.83583
3873.808352	.83808
3874.772706	.83612
3875.737059	.83205
3876.701413	.82995
3877.665767	.83048
3878.630120	.83331
3879.594474	.83653
3880.558827	.83592
3881.523181	.83159
3882.487534	.82898
3883.451888	.83094
3884.416242	.8361
3885.380595	.83969
3886.344949	.83701
3887.309302	.83194
3888.273656	.8304
3889.238010	.83313
3890.202363	.838
3891.166717	.84037
3892.131070	.83702
3893.095424	.8318
3894.059777	.82853
3895.024131	.82696
3895.988485	.82658
3896.952838	.82835
3897.917192	.83243
3898.881545	.83597
3899.845899	.83684
3900.810253	.83747
3901.774606	.83903
3902.738960	.84045
3903.703313	.84139
3904.667667	.84019
3905.632020	.83637
3906.596374	.83242
3907.560728	.82973
3908.525081	.82803
3909.489435	.8269
3910.453788	.82615
3911.418142	.8256
3912.382496	.82524
3913.346849	.82518
3914.311203	.82592
3915.275556	.82809
3916.239910	.83103
3917.204264	.83272
3918.168617	.83282
3919.132971	.83291
3920.097324	.83266
3921.061678	.8314
3922.026031	.83072
3922.990385	.83131
3923.954739	.83184
3924.919092	.83079
3925.883446	.82819
3926.847799	.82607
3927.812153	.82589
3928.776507	.82689
3929.740860	.82796
3930.705214	.82917
3931.669567	.83049
3932.633921	.83087
3933.598274	.83004
3934.562628	.82931
3935.526982	.82938
3936.491335	.82949
3937.455689	.82919
3938.420042	.82869
3939.384396	.8282
3940.348750	.82822
3941.313103	.82904
3942.277457	.82929
3943.241810	.82795
3944.206164	.82626
3945.170517	.82555
3946.134871	.82607
3947.099225	.82759
3948.063578	.82906
3949.027932	.82998
3949.992285	.8305
3950.956639	.83039
3951.920993	.82991
3952.885346	.82957
3953.849700	.82912
3954.814053	.82858
3955.778407	.8281
3956.742761	.82732
3957.707114	.82619
3958.671468	.82545
3959.635821	.82557
3960.600175	.82595
3961.564528	.82592
3962.528882	.82599
3963.493236	.82675
3964.457589	.82762
3965.421943	.82799
3966.386296	.82835
3967.350650	.82901
3968.315004	.82928
3969.279357	.82876
3970.243711	.82797
3971.208064	.82738
3972.172418	.82685
3973.136771	.82614
3974.101125	.82555
3975.065479	.82546
3976.029832	.82555
3976.994186	.82569
3977.958539	.82622
3978.922893	.82725
3979.887247	.8284
3980.851600	.82916
3981.815954	.82944
3982.780307	.8294
3983.744661	.82909
3984.709015	.82883
3985.673368	.82872
3986.637722	.82806
3987.602075	.82674
3988.566429	.82562
3989.530782	.82524
3990.495136	.82535
3991.459490	.82534
3992.423843	.82516
3993.388197	.82553
3994.352550	.8264
3995.316904	.82713
3996.281258	.8277
3997.245611	.82823
3998.209965	.82861
3999.174318	.82861
4000.138672	.82803